92.000000,58.000000,16298.000000,-20.000000,-7.000000,-11.000000,-225.000000,-716.000000,4902.000000, -62058048, -62058047,0.006863,0.001315,0.001883,0.999994,0.003431,0.000661,0.000939
80.000000,68.000000,16277.000000,-19.000000,-6.000000,-12.000000,-290.000000,-853.000000,4902.000000, -62057946, -62057945,0.003098,0.002637,0.002862,0.999997,0.001547,0.001321,0.001429
86.000000,54.000000,16207.000000,-20.000000,-8.000000,-11.000000,-483.000000,-682.000000,4964.000000, -62057845, -62057844,-0.000419,0.003926,0.003811,0.999996,-0.000213,0.001962,0.001906
102.000000,92.000000,16273.000000,-21.000000,-6.000000,-11.000000,-354.000000,-750.000000,5026.000000, -62057743, -62057742,-0.003782,0.005106,0.004784,0.999992,-0.001897,0.002549,0.002397
88.000000,36.000000,16283.000000,-20.000000,-7.000000,-10.000000,-387.000000,-785.000000,4995.000000, -62057641, -62057641,-0.006877,0.006240,0.005744,0.999985,-0.003448,0.003110,0.002883
76.000000,102.000000,16316.000000,-21.000000,-7.000000,-11.000000,-225.000000,-785.000000,5057.000000, -62057540, -62057539,-0.009764,0.007378,0.006762,0.999976,-0.004895,0.003672,0.003399
94.000000,38.000000,16186.000000,-20.000000,-8.000000,-10.000000,-129.000000,-921.000000,4964.000000, -62057438, -62057437,-0.012487,0.008451,0.007720,0.999964,-0.006260,0.004201,0.003886
126.000000,74.000000,16302.000000,-20.000000,-7.000000,-10.000000,-290.000000,-648.000000,4840.000000, -62057337, -62057336,-0.014988,0.009394,0.008688,0.999951,-0.007514,0.004664,0.004379
92.000000,100.000000,16172.000000,-20.000000,-6.000000,-10.000000,-483.000000,-682.000000,4964.000000, -62057235, -62057234,-0.017271,0.010243,0.009646,0.999938,-0.008660,0.005080,0.004867
84.000000,58.000000,16285.000000,-20.000000,-7.000000,-10.000000,-290.000000,-785.000000,5151.000000, -62057134, -62057133,-0.019418,0.011113,0.010604,0.999923,-0.009738,0.005504,0.005355
118.000000,106.000000,16287.000000,-19.000000,-5.000000,-11.000000,-258.000000,-750.000000,5088.000000, -62057032, -62057031,-0.021493,0.011841,0.011562,0.999908,-0.010780,0.005858,0.005844
140.000000,70.000000,16263.000000,-20.000000,-6.000000,-11.000000,-419.000000,-750.000000,5088.000000, -62056930, -62056930,-0.023345,0.012496,0.012521,0.999892,-0.011711,0.006174,0.006333
84.000000,74.000000,16300.000000,-20.000000,-7.000000,-10.000000,-354.000000,-1058.000000,4809.000000, -62056829, -62056828,-0.025126,0.013126,0.013481,0.999876,-0.012606,0.006478,0.006822
106.000000,56.000000,16269.000000,-19.000000,-8.000000,-10.000000,-193.000000,-921.000000,4964.000000, -62056727, -62056727,-0.026731,0.013804,0.014473,0.999860,-0.013414,0.006805,0.007328
96.000000,34.000000,16241.000000,-21.000000,-7.000000,-10.000000,-161.000000,-1024.000000,4995.000000, -62056626, -62056625,-0.028289,0.014437,0.015455,0.999843,-0.014199,0.007108,0.007828
110.000000,36.000000,16300.000000,-20.000000,-6.000000,-10.000000,-451.000000,-785.000000,4778.000000, -62056524, -62056524,-0.029719,0.014979,0.016412,0.999827,-0.014919,0.007366,0.008316
128.000000,16.000000,16316.000000,-20.000000,-6.000000,-10.000000,-258.000000,-989.000000,5026.000000, -62056423, -62056422,-0.031049,0.015448,0.017345,0.999811,-0.015590,0.007588,0.008791
114.000000,10.000000,16259.000000,-20.000000,-6.000000,-10.000000,-354.000000,-819.000000,5088.000000, -62056321, -62056320,-0.032292,0.015956,0.018310,0.999795,-0.016217,0.007829,0.009282
124.000000,16.000000,16196.000000,-19.000000,-6.000000,-11.000000,-483.000000,-819.000000,5026.000000, -62056220, -62056219,-0.033456,0.016400,0.019286,0.999779,-0.016805,0.008037,0.009778
82.000000,76.000000,16277.000000,-20.000000,-7.000000,-11.000000,-193.000000,-750.000000,5088.000000, -62056118, -62056117,-0.034517,0.016850,0.020248,0.999763,-0.017341,0.008248,0.010267
96.000000,-8.000000,16340.000000,-19.000000,-5.000000,-11.000000,-387.000000,-785.000000,5057.000000, -62056016, -62056016,-0.035464,0.017268,0.021238,0.999748,-0.017821,0.008444,0.010770
58.000000,22.000000,16243.000000,-19.000000,-6.000000,-10.000000,-387.000000,-716.000000,4902.000000, -62055915, -62055914,-0.036485,0.017630,0.022237,0.999731,-0.018337,0.008610,0.011277
138.000000,76.000000,16328.000000,-20.000000,-6.000000,-12.000000,-129.000000,-750.000000,5088.000000, -62055813, -62055813,-0.037378,0.018012,0.023227,0.999715,-0.018790,0.008786,0.011779
38.000000,52.000000,16253.000000,-20.000000,-7.000000,-9.000000,-225.000000,-853.000000,5057.000000, -62055712, -62055711,-0.038146,0.018386,0.024203,0.999701,-0.019181,0.008960,0.012274
128.000000,-20.000000,16314.000000,-21.000000,-9.000000,-10.000000,-419.000000,-750.000000,5026.000000, -62055610, -62055609,-0.038946,0.018712,0.025190,0.999685,-0.019587,0.009108,0.012774
90.000000,36.000000,16229.000000,-20.000000,-6.000000,-10.000000,-225.000000,-853.000000,4778.000000, -62055509, -62055508,-0.039681,0.018923,0.026189,0.999670,-0.019960,0.009199,0.013279
136.000000,80.000000,16340.000000,-21.000000,-7.000000,-11.000000,-193.000000,-750.000000,4964.000000, -62055407, -62055406,-0.040430,0.019274,0.027187,0.999654,-0.020342,0.009359,0.013785
102.000000,74.000000,16314.000000,-20.000000,-7.000000,-10.000000,64.000000,-853.000000,5151.000000, -62055305, -62055305,-0.041061,0.019543,0.028171,0.999640,-0.020663,0.009479,0.014282
102.000000,48.000000,16287.000000,-19.000000,-7.000000,-11.000000,-161.000000,-853.000000,4902.000000, -62055204, -62055203,-0.041664,0.019830,0.029152,0.999625,-0.020972,0.009608,0.014778
120.000000,16.000000,16294.000000,-20.000000,-6.000000,-11.000000,-612.000000,-716.000000,4995.000000, -62055102, -62055101,-0.042224,0.020029,0.030159,0.999610,-0.021258,0.009693,0.015286
132.000000,60.000000,16287.000000,-19.000000,-7.000000,-10.000000,-419.000000,-989.000000,5088.000000, -62055001, -62055000,-0.042818,0.020188,0.031119,0.999596,-0.021561,0.009757,0.015771
56.000000,66.000000,16271.000000,-20.000000,-8.000000,-10.000000,-419.000000,-750.000000,4871.000000, -62054899, -62054898,-0.043282,0.020371,0.032118,0.999582,-0.021799,0.009834,0.016274
44.000000,20.000000,16215.000000,-19.000000,-7.000000,-11.000000,-516.000000,-853.000000,5057.000000, -62054797, -62054797,-0.043723,0.020542,0.033085,0.999568,-0.022025,0.009905,0.016761
22.000000,64.000000,16200.000000,-19.000000,-6.000000,-10.000000,-483.000000,-750.000000,4809.000000, -62054696, -62054695,-0.044148,0.020779,0.034063,0.999554,-0.022245,0.010010,0.017255
98.000000,38.000000,16281.000000,-20.000000,-8.000000,-11.000000,-290.000000,-955.000000,5057.000000, -62054594, -62054593,-0.044526,0.021002,0.035052,0.999539,-0.022441,0.010106,0.017753
94.000000,2.000000,16291.000000,-19.000000,-6.000000,-10.000000,-419.000000,-682.000000,5088.000000, -62054493, -62054492,-0.044859,0.021132,0.036045,0.999526,-0.022613,0.010157,0.018253
76.000000,110.000000,16271.000000,-19.000000,-8.000000,-10.000000,-193.000000,-819.000000,4964.000000, -62054391, -62054390,-0.045178,0.021321,0.037019,0.999512,-0.022779,0.010238,0.018743
172.000000,34.000000,16255.000000,-18.000000,-6.000000,-9.000000,-290.000000,-853.000000,4902.000000, -62054290, -62054289,-0.045440,0.021365,0.038009,0.999500,-0.022916,0.010246,0.019240
104.000000,46.000000,16289.000000,-20.000000,-5.000000,-10.000000,0.000000,-853.000000,5151.000000, -62054188, -62054187,-0.045676,0.021421,0.038948,0.999488,-0.023039,0.010261,0.019711
76.000000,16.000000,16304.000000,-21.000000,-5.000000,-10.000000,-258.000000,-1058.000000,4809.000000, -62054086, -62054086,-0.045950,0.021616,0.039917,0.999474,-0.023183,0.010344,0.020199
32.000000,84.000000,16265.000000,-20.000000,-6.000000,-10.000000,-193.000000,-682.000000,4809.000000, -62053985, -62053984,-0.046212,0.021725,0.040870,0.999460,-0.023320,0.010385,0.020678
130.000000,68.000000,16273.000000,-20.000000,-7.000000,-9.000000,-225.000000,-716.000000,4995.000000, -62053883, -62053882,-0.046435,0.021875,0.041831,0.999447,-0.023438,0.010446,0.021161
88.000000,42.000000,16207.000000,-19.000000,-6.000000,-10.000000,-161.000000,-955.000000,4840.000000, -62053782, -62053781,-0.046675,0.021877,0.042777,0.999434,-0.023563,0.010434,0.021635
98.000000,76.000000,16245.000000,-20.000000,-7.000000,-10.000000,-354.000000,-1126.000000,5026.000000, -62053680, -62053679,-0.046868,0.022008,0.043740,0.999420,-0.023665,0.010486,0.022119
70.000000,46.000000,16198.000000,-19.000000,-6.000000,-11.000000,-354.000000,-819.000000,4964.000000, -62053578, -62053578,-0.047092,0.022104,0.044717,0.999406,-0.023783,0.010520,0.022609
158.000000,20.000000,16251.000000,-19.000000,-9.000000,-9.000000,-354.000000,-682.000000,4964.000000, -62053477, -62053476,-0.047325,0.022196,0.045737,0.999391,-0.023906,0.010551,0.023121
74.000000,100.000000,16164.000000,-20.000000,-6.000000,-11.000000,-387.000000,-785.000000,4995.000000, -62053375, -62053375,-0.047517,0.022369,0.046735,0.999376,-0.024009,0.010623,0.023623
78.000000,30.000000,16275.000000,-20.000000,-6.000000,-10.000000,-193.000000,-989.000000,4871.000000, -62053274, -62053273,-0.047710,0.022447,0.047742,0.999361,-0.024112,0.010648,0.024128
102.000000,-10.000000,16348.000000,-18.000000,-5.000000,-12.000000,-129.000000,-750.000000,4964.000000, -62053172, -62053171,-0.047822,0.022500,0.048700,0.999348,-0.024174,0.010661,0.024608
38.000000,64.000000,16255.000000,-20.000000,-8.000000,-9.000000,-290.000000,-853.000000,5057.000000, -62053070, -62053070,-0.047954,0.022517,0.049669,0.999334,-0.024245,0.010656,0.025093
140.000000,-18.000000,16253.000000,-20.000000,-7.000000,-12.000000,-290.000000,-853.000000,4902.000000, -62052969, -62052968,-0.048129,0.022528,0.050697,0.999319,-0.024338,0.010647,0.025608
100.000000,36.000000,16257.000000,-20.000000,-7.000000,-11.000000,-225.000000,-785.000000,4995.000000, -62052867, -62052866,-0.048296,0.022492,0.051698,0.999304,-0.024427,0.010615,0.026109
108.000000,26.000000,16294.000000,-19.000000,-7.000000,-10.000000,-354.000000,-750.000000,5026.000000, -62052766, -62052765,-0.048364,0.022526,0.052683,0.999290,-0.024466,0.010619,0.026602
60.000000,42.000000,16362.000000,-20.000000,-7.000000,-10.000000,-354.000000,-819.000000,4809.000000, -62052664, -62052663,-0.048474,0.022514,0.053728,0.999275,-0.024527,0.010598,0.027124
98.000000,44.000000,16231.000000,-18.000000,-6.000000,-10.000000,-258.000000,-819.000000,4871.000000, -62052563, -62052562,-0.048522,0.022495,0.054754,0.999260,-0.024556,0.010576,0.027637
128.000000,26.000000,16275.000000,-20.000000,-7.000000,-10.000000,-96.000000,-853.000000,5057.000000, -62052461, -62052460,-0.048587,0.022528,0.055762,0.999245,-0.024594,0.010579,0.028141
52.000000,20.000000,16204.000000,-21.000000,-8.000000,-10.000000,-161.000000,-955.000000,4995.000000, -62052359, -62052359,-0.048648,0.022499,0.056765,0.999231,-0.024629,0.010551,0.028642
144.000000,56.000000,16332.000000,-19.000000,-8.000000,-10.000000,-161.000000,-716.000000,5057.000000, -62052258, -62052257,-0.048686,0.022451,0.057781,0.999216,-0.024653,0.010514,0.029149
62.000000,70.000000,16263.000000,-20.000000,-7.000000,-11.000000,-193.000000,-819.000000,5088.000000, -62052156, -62052156,-0.048673,0.022513,0.058810,0.999200,-0.024653,0.010533,0.029664
92.000000,88.000000,16239.000000,-19.000000,-7.000000,-12.000000,-193.000000,-819.000000,5182.000000, -62052055, -62052054,-0.048707,0.022574,0.059827,0.999184,-0.024676,0.010550,0.030173
88.000000,120.000000,16247.000000,-19.000000,-8.000000,-10.000000,-225.000000,-955.000000,5151.000000, -62051953, -62051952,-0.048776,0.022651,0.060839,0.999168,-0.024717,0.010575,0.030680
48.000000,30.000000,16207.000000,-20.000000,-6.000000,-10.000000,-193.000000,-750.000000,5088.000000, -62051851, -62051851,-0.048812,0.022754,0.061835,0.999151,-0.024742,0.010614,0.031179
132.000000,46.000000,16316.000000,-21.000000,-7.000000,-10.000000,-225.000000,-955.000000,4995.000000, -62051750, -62051749,-0.048954,0.022794,0.062809,0.999134,-0.024819,0.010619,0.031667
92.000000,50.000000,16281.000000,-19.000000,-7.000000,-10.000000,-387.000000,-1024.000000,4995.000000, -62051646, -62051645,-0.049087,0.022837,0.064795,0.999100,-0.024896,0.010614,0.032660
76.000000,68.000000,16227.000000,-20.000000,-9.000000,-10.000000,-354.000000,-921.000000,5026.000000, -62051544, -62051544,-0.049215,0.022816,0.065797,0.999082,-0.024965,0.010589,0.033161
134.000000,62.000000,16227.000000,-21.000000,-7.000000,-12.000000,-290.000000,-955.000000,4778.000000, -62051443, -62051442,-0.049261,0.022824,0.066769,0.999065,-0.024994,0.010580,0.033647
82.000000,56.000000,16352.000000,-21.000000,-7.000000,-9.000000,-290.000000,-853.000000,5057.000000, -62051341, -62051340,-0.049286,0.022907,0.067751,0.999048,-0.025013,0.010609,0.034139
104.000000,14.000000,16229.000000,-19.000000,-6.000000,-12.000000,-354.000000,-989.000000,5026.000000, -62051239, -62051239,-0.049355,0.022899,0.068738,0.999030,-0.025052,0.010591,0.034632
92.000000,86.000000,16328.000000,-19.000000,-6.000000,-10.000000,-387.000000,-785.000000,5057.000000, -62051138, -62051137,-0.049425,0.022859,0.069703,0.999013,-0.025091,0.010558,0.035114
90.000000,40.000000,16213.000000,-20.000000,-7.000000,-11.000000,-387.000000,-785.000000,4902.000000, -62051036, -62051036,-0.049495,0.022812,0.070680,0.998995,-0.025131,0.010521,0.035602
112.000000,52.000000,16291.000000,-17.000000,-9.000000,-9.000000,-225.000000,-716.000000,4995.000000, -62050935, -62050934,-0.049493,0.022857,0.071646,0.998977,-0.025136,0.010531,0.036085
92.000000,48.000000,16233.000000,-21.000000,-6.000000,-10.000000,-129.000000,-921.000000,4964.000000, -62050833, -62050833,-0.049557,0.022830,0.072638,0.998958,-0.025172,0.010504,0.036580
110.000000,16.000000,16362.000000,-19.000000,-6.000000,-10.000000,-258.000000,-819.000000,5182.000000, -62050732, -62050731,-0.049601,0.022862,0.073642,0.998939,-0.025200,0.010507,0.037082
114.000000,30.000000,16245.000000,-20.000000,-7.000000,-12.000000,-387.000000,-785.000000,5213.000000, -62050630, -62050630,-0.049649,0.022823,0.074619,0.998921,-0.025229,0.010474,0.037570
40.000000,-10.000000,16291.000000,-22.000000,-8.000000,-10.000000,-161.000000,-785.000000,5151.000000, -62050529, -62050528,-0.049698,0.022836,0.075649,0.998900,-0.025259,0.010467,0.038085
144.000000,56.000000,16265.000000,-20.000000,-6.000000,-11.000000,-354.000000,-921.000000,4964.000000, -62050427, -62050426,-0.049682,0.022843,0.076628,0.998882,-0.025256,0.010458,0.038574
148.000000,70.000000,16235.000000,-20.000000,-8.000000,-8.000000,-483.000000,-989.000000,4964.000000, -62050325, -62050325,-0.049658,0.022871,0.077586,0.998863,-0.025249,0.010460,0.039052
114.000000,8.000000,16275.000000,-20.000000,-7.000000,-11.000000,-129.000000,-682.000000,4964.000000, -62050224, -62050223,-0.049651,0.022782,0.078585,0.998844,-0.025249,0.010403,0.039550
90.000000,22.000000,16300.000000,-18.000000,-8.000000,-10.000000,-32.000000,-682.000000,5026.000000, -62050122, -62050122,-0.049602,0.022773,0.079567,0.998825,-0.025230,0.010387,0.040040
88.000000,100.000000,16320.000000,-19.000000,-7.000000,-11.000000,-290.000000,-785.000000,5057.000000, -62050021, -62050020,-0.049624,0.022780,0.080554,0.998805,-0.025246,0.010378,0.040533
124.000000,32.000000,16291.000000,-20.000000,-6.000000,-10.000000,-225.000000,-1024.000000,5275.000000, -62049919, -62049918,-0.049601,0.022810,0.081522,0.998786,-0.025240,0.010381,0.041017
112.000000,38.000000,16267.000000,-19.000000,-4.000000,-11.000000,-387.000000,-785.000000,5151.000000, -62049817, -62049816,-0.049616,0.022751,0.082569,0.998764,-0.025252,0.010338,0.041539
2.000000,20.000000,16279.000000,-19.000000,-7.000000,-10.000000,-193.000000,-819.000000,5088.000000, -62049716, -62049715,-0.049633,0.022760,0.083556,0.998743,-0.025266,0.010330,0.042032
134.000000,20.000000,16213.000000,-19.000000,-8.000000,-9.000000,-290.000000,-955.000000,4840.000000, -62049614, -62049613,-0.049645,0.022805,0.084516,0.998723,-0.025278,0.010340,0.042512
82.000000,60.000000,16235.000000,-21.000000,-7.000000,-10.000000,-354.000000,-819.000000,4871.000000, -62049513, -62049512,-0.049584,0.022805,0.085517,0.998702,-0.025252,0.010329,0.043012
130.000000,54.000000,16330.000000,-19.000000,-6.000000,-11.000000,-193.000000,-750.000000,4964.000000, -62049411, -62049410,-0.049589,0.022805,0.086506,0.998681,-0.025260,0.010316,0.043506
86.000000,22.000000,16289.000000,-21.000000,-7.000000,-10.000000,-258.000000,-682.000000,5026.000000, -62049310, -62049309,-0.049584,0.022811,0.087493,0.998659,-0.025263,0.010307,0.043999
86.000000,42.000000,16387.000000,-19.000000,-7.000000,-12.000000,-258.000000,-682.000000,4964.000000, -62049208, -62049207,-0.049581,0.022907,0.088469,0.998637,-0.025269,0.010343,0.044487
24.000000,66.000000,16328.000000,-22.000000,-7.000000,-10.000000,-258.000000,-750.000000,4964.000000, -62049106, -62049106,-0.049586,0.022867,0.089499,0.998614,-0.025275,0.010310,0.045001
134.000000,14.000000,16296.000000,-19.000000,-7.000000,-11.000000,-290.000000,-785.000000,5275.000000, -62049005, -62049004,-0.049541,0.022898,0.090509,0.998591,-0.025259,0.010313,0.045506
26.000000,62.000000,16207.000000,-21.000000,-7.000000,-11.000000,-193.000000,-750.000000,5026.000000, -62048903, -62048902,-0.049584,0.022865,0.091503,0.998568,-0.025284,0.010283,0.046001
74.000000,28.000000,16259.000000,-20.000000,-7.000000,-11.000000,-419.000000,-819.000000,5026.000000, -62048802, -62048801,-0.049607,0.022850,0.092542,0.998544,-0.025301,0.010262,0.046520
82.000000,34.000000,16209.000000,-19.000000,-6.000000,-10.000000,-225.000000,-785.000000,5151.000000, -62048700, -62048699,-0.049576,0.022848,0.093520,0.998522,-0.025291,0.010249,0.047008
148.000000,40.000000,16342.000000,-20.000000,-5.000000,-9.000000,-96.000000,-785.000000,5057.000000, -62048598, -62048597,-0.049642,0.022849,0.094503,0.998498,-0.025329,0.010236,0.047500
164.000000,64.000000,16281.000000,-19.000000,-6.000000,-10.000000,-161.000000,-716.000000,5057.000000, -62048496, -62048496,-0.049564,0.022918,0.095512,0.998474,-0.025297,0.010259,0.048004
70.000000,114.000000,16281.000000,-20.000000,-6.000000,-11.000000,-290.000000,-955.000000,4902.000000, -62048395, -62048394,-0.049526,0.022925,0.096513,0.998450,-0.025283,0.010251,0.048503
106.000000,80.000000,16269.000000,-19.000000,-6.000000,-9.000000,-225.000000,-785.000000,5057.000000, -62048293, -62048293,-0.049453,0.022916,0.097478,0.998428,-0.025251,0.010236,0.048985
100.000000,66.000000,16312.000000,-18.000000,-7.000000,-10.000000,-483.000000,-921.000000,4964.000000, -62048192, -62048191,-0.049452,0.022883,0.098445,0.998404,-0.025255,0.010208,0.049467
170.000000,42.000000,16243.000000,-20.000000,-6.000000,-11.000000,-387.000000,-716.000000,5151.000000, -62048090, -62048089,-0.049440,0.022893,0.099429,0.998380,-0.025254,0.010200,0.049958
156.000000,80.000000,16370.000000,-20.000000,-7.000000,-10.000000,-193.000000,-750.000000,4871.000000, -62047988, -62047988,-0.049508,0.022892,0.100430,0.998354,-0.025293,0.010186,0.050458
84.000000,32.000000,16271.000000,-20.000000,-7.000000,-10.000000,-258.000000,-750.000000,5182.000000, -62047887, -62047886,-0.049573,0.022915,0.101454,0.998327,-0.025331,0.010182,0.050970
54.000000,42.000000,16281.000000,-21.000000,-8.000000,-10.000000,-32.000000,-750.000000,4809.000000, -62047785, -62047784,-0.049582,0.022871,0.102425,0.998302,-0.025340,0.010148,0.051454
128.000000,60.000000,16241.000000,-19.000000,-7.000000,-10.000000,-129.000000,-989.000000,4964.000000, -62047684, -62047683,-0.049541,0.022931,0.103447,0.998276,-0.025326,0.010166,0.051965
108.000000,58.000000,16263.000000,-20.000000,-7.000000,-10.000000,-161.000000,-853.000000,4840.000000, -62047582, -62047581,-0.049565,0.022903,0.104419,0.998250,-0.025342,0.010139,0.052450
100.000000,74.000000,16310.000000,-20.000000,-8.000000,-10.000000,-290.000000,-785.000000,5151.000000, -62047480, -62047480,-0.049609,0.022872,0.105395,0.998224,-0.025368,0.010110,0.052937
152.000000,58.000000,16245.000000,-20.000000,-7.000000,-10.000000,-354.000000,-921.000000,5026.000000, -62047379, -62047378,-0.049639,0.022835,0.106383,0.998198,-0.025387,0.010078,0.053429
52.000000,40.000000,16285.000000,-19.000000,-7.000000,-11.000000,-225.000000,-853.000000,4902.000000, -62047277, -62047276,-0.049580,0.022859,0.107371,0.998172,-0.025363,0.010079,0.053923
68.000000,72.000000,16217.000000,-20.000000,-7.000000,-10.000000,-258.000000,-921.000000,5088.000000, -62047176, -62047175,-0.049605,0.022873,0.108333,0.998146,-0.025381,0.010073,0.054403
64.000000,4.000000,16180.000000,-20.000000,-7.000000,-11.000000,-290.000000,-785.000000,4995.000000, -62047074, -62047073,-0.049662,0.022870,0.109316,0.998118,-0.025414,0.010058,0.054894
120.000000,26.000000,16259.000000,-19.000000,-7.000000,-11.000000,-129.000000,-819.000000,4871.000000, -62046972, -62046971,-0.049634,0.022911,0.110315,0.998091,-0.025406,0.010067,0.055393
132.000000,102.000000,16213.000000,-21.000000,-6.000000,-10.000000,0.000000,-785.000000,4902.000000, -62046871, -62046870,-0.049611,0.022914,0.111308,0.998063,-0.025400,0.010056,0.055888
106.000000,62.000000,16344.000000,-20.000000,-6.000000,-11.000000,-258.000000,-921.000000,5088.000000, -62046769, -62046768,-0.049560,0.023032,0.112333,0.998034,-0.025383,0.010103,0.056401
126.000000,10.000000,16293.000000,-19.000000,-6.000000,-10.000000,-258.000000,-750.000000,5026.000000, -62046667, -62046667,-0.049549,0.022999,0.113323,0.998007,-0.025382,0.010074,0.056894
96.000000,28.000000,16251.000000,-20.000000,-7.000000,-11.000000,-258.000000,-921.000000,4964.000000, -62046566, -62046565,-0.049584,0.022869,0.114323,0.997979,-0.025400,0.009996,0.057392
154.000000,-2.000000,16249.000000,-20.000000,-7.000000,-10.000000,-96.000000,-955.000000,4995.000000, -62046464, -62046464,-0.049585,0.022911,0.115317,0.997950,-0.025407,0.010004,0.057888
106.000000,74.000000,16287.000000,-20.000000,-6.000000,-9.000000,-129.000000,-750.000000,4809.000000, -62046363, -62046362,-0.049579,0.022904,0.116284,0.997922,-0.025409,0.009989,0.058371
136.000000,82.000000,16320.000000,-19.000000,-7.000000,-11.000000,-96.000000,-785.000000,5057.000000, -62046261, -62046261,-0.049565,0.022927,0.117277,0.997892,-0.025407,0.009988,0.058867
66.000000,60.000000,16204.000000,-20.000000,-6.000000,-11.000000,-516.000000,-648.000000,5151.000000, -62046160, -62046159,-0.049606,0.022855,0.118302,0.997862,-0.025431,0.009938,0.059377
44.000000,66.000000,16298.000000,-19.000000,-7.000000,-11.000000,-258.000000,-580.000000,4871.000000, -62046058, -62046057,-0.049610,0.022925,0.119291,0.997832,-0.025440,0.009960,0.059872
54.000000,40.000000,16237.000000,-21.000000,-6.000000,-10.000000,-258.000000,-921.000000,4809.000000, -62045956, -62045956,-0.049614,0.022899,0.120302,0.997802,-0.025446,0.009934,0.060376
60.000000,20.000000,16269.000000,-20.000000,-7.000000,-9.000000,-32.000000,-921.000000,5026.000000, -62045855, -62045854,-0.049689,0.022902,0.121283,0.997771,-0.025489,0.009921,0.060866
66.000000,72.000000,16263.000000,-18.000000,-7.000000,-10.000000,-258.000000,-921.000000,5026.000000, -62045753, -62045753,-0.049650,0.022828,0.122288,0.997741,-0.025472,0.009872,0.061366
154.000000,16.000000,16241.000000,-20.000000,-8.000000,-10.000000,-129.000000,-682.000000,4964.000000, -62045652, -62045651,-0.049710,0.022804,0.123265,0.997711,-0.025506,0.009846,0.061853
22.000000,18.000000,16287.000000,-21.000000,-6.000000,-11.000000,-354.000000,-750.000000,4964.000000, -62045550, -62045549,-0.049675,0.022815,0.124290,0.997679,-0.025494,0.009839,0.062364
72.000000,86.000000,16241.000000,-19.000000,-8.000000,-10.000000,-129.000000,-989.000000,5088.000000, -62045449, -62045448,-0.049675,0.022850,0.125281,0.997648,-0.025500,0.009844,0.062860
42.000000,66.000000,16300.000000,-19.000000,-8.000000,-12.000000,-354.000000,-921.000000,5026.000000, -62045345, -62045344,-0.049582,0.022842,0.127331,0.997584,-0.025463,0.009817,0.063882
128.000000,24.000000,16291.000000,-20.000000,-7.000000,-11.000000,-387.000000,-853.000000,4902.000000, -62045243, -62045243,-0.049610,0.022855,0.128351,0.997551,-0.025482,0.009810,0.064391
124.000000,48.000000,16251.000000,-20.000000,-6.000000,-11.000000,-290.000000,-785.000000,4995.000000, -62045142, -62045141,-0.049628,0.022827,0.129361,0.997518,-0.025496,0.009782,0.064894
106.000000,52.000000,16215.000000,-20.000000,-8.000000,-10.000000,-258.000000,-921.000000,4871.000000, -62045040, -62045039,-0.049697,0.022821,0.130359,0.997485,-0.025534,0.009764,0.065392
114.000000,80.000000,16207.000000,-20.000000,-7.000000,-10.000000,-225.000000,-955.000000,5057.000000, -62044939, -62044938,-0.049672,0.022867,0.131353,0.997452,-0.025529,0.009775,0.065888
60.000000,82.000000,16263.000000,-20.000000,-7.000000,-10.000000,-258.000000,-819.000000,4964.000000, -62044837, -62044836,-0.049578,0.022899,0.132363,0.997420,-0.025487,0.009782,0.066392
110.000000,50.000000,16259.000000,-20.000000,-7.000000,-10.000000,-96.000000,-955.000000,4995.000000, -62044735, -62044735,-0.049649,0.023004,0.133321,0.997387,-0.025531,0.009819,0.066871
54.000000,24.000000,16316.000000,-20.000000,-7.000000,-11.000000,-354.000000,-682.000000,4871.000000, -62044634, -62044633,-0.049642,0.023078,0.134314,0.997353,-0.025535,0.009844,0.067367
84.000000,46.000000,16304.000000,-19.000000,-6.000000,-10.000000,-258.000000,-580.000000,4716.000000, -62044532, -62044531,-0.049683,0.023098,0.135312,0.997319,-0.025561,0.009839,0.067865
100.000000,64.000000,16265.000000,-20.000000,-8.000000,-11.000000,-290.000000,-853.000000,4995.000000, -62044431, -62044430,-0.049626,0.023156,0.136305,0.997285,-0.025540,0.009858,0.068361
50.000000,112.000000,16263.000000,-19.000000,-6.000000,-10.000000,-258.000000,-921.000000,4964.000000, -62044329, -62044328,-0.049695,0.023239,0.137303,0.997249,-0.025581,0.009884,0.068860
116.000000,50.000000,16148.000000,-20.000000,-7.000000,-9.000000,-258.000000,-921.000000,5182.000000, -62044228, -62044227,-0.049682,0.023234,0.138272,0.997216,-0.025580,0.009869,0.069343
108.000000,32.000000,16296.000000,0.000000,0.000000,-2.000000,-161.000000,-785.000000,5151.000000, -62044126, -62044125,-0.048459,0.022875,0.138681,0.997220,-0.024960,0.009728,0.069537
112.000000,54.000000,16279.000000,-1.000000,-3.000000,0.000000,-225.000000,-955.000000,4840.000000, -62044025, -62044024,-0.046774,0.022392,0.138711,0.997242,-0.024103,0.009545,0.069538
96.000000,78.000000,16227.000000,-2.000000,-2.000000,-2.000000,-483.000000,-989.000000,5088.000000, -62043923, -62043922,-0.045159,0.021874,0.138788,0.997262,-0.023280,0.009342,0.069563
112.000000,10.000000,16294.000000,-1.000000,-1.000000,-2.000000,-258.000000,-750.000000,5026.000000, -62043821, -62043821,-0.043602,0.021447,0.138900,0.997279,-0.022490,0.009182,0.069607
58.000000,108.000000,16211.000000,-1.000000,-1.000000,-1.000000,-290.000000,-785.000000,5057.000000, -62043720, -62043719,-0.042194,0.021015,0.138955,0.997295,-0.021773,0.009015,0.069623
98.000000,44.000000,16259.000000,0.000000,0.000000,-1.000000,-354.000000,-750.000000,4964.000000, -62043618, -62043617,-0.040877,0.020520,0.139040,0.997309,-0.021099,0.008814,0.069655
76.000000,30.000000,16273.000000,-2.000000,0.000000,-3.000000,-258.000000,-819.000000,5026.000000, -62043517, -62043516,-0.039629,0.020152,0.139139,0.997321,-0.020465,0.008672,0.069695
68.000000,78.000000,16312.000000,-2.000000,-3.000000,0.000000,-290.000000,-853.000000,4995.000000, -62043415, -62043414,-0.038472,0.019833,0.139187,0.997333,-0.019877,0.008553,0.069711
88.000000,42.000000,16202.000000,-1.000000,-1.000000,-1.000000,-290.000000,-853.000000,5057.000000, -62043314, -62043313,-0.037441,0.019468,0.139248,0.997343,-0.019350,0.008407,0.069734
98.000000,14.000000,16233.000000,-2.000000,-3.000000,-2.000000,-225.000000,-955.000000,4995.000000, -62043212, -62043211,-0.036466,0.019212,0.139307,0.997351,-0.018855,0.008312,0.069757
118.000000,48.000000,16219.000000,-1.000000,-2.000000,-1.000000,-225.000000,-648.000000,4902.000000, -62043110, -62043110,-0.035536,0.018903,0.139308,0.997361,-0.018381,0.008191,0.069751
130.000000,72.000000,16241.000000,-2.000000,-2.000000,-2.000000,-193.000000,-750.000000,5088.000000, -62043009, -62043008,-0.034679,0.018587,0.139377,0.997369,-0.017943,0.008062,0.069779
116.000000,96.000000,16289.000000,-1.000000,-1.000000,-1.000000,-387.000000,-853.000000,5057.000000, -62042907, -62042907,-0.033879,0.018263,0.139417,0.997376,-0.017533,0.007928,0.069793
42.000000,62.000000,16267.000000,-1.000000,0.000000,-1.000000,-225.000000,-648.000000,4840.000000, -62042806, -62042805,-0.033105,0.017950,0.139448,0.997383,-0.017136,0.007799,0.069803
160.000000,34.000000,16243.000000,-2.000000,-1.000000,-1.000000,-193.000000,-819.000000,4871.000000, -62042704, -62042703,-0.032357,0.017754,0.139470,0.997390,-0.016756,0.007727,0.069810
42.000000,4.000000,16196.000000,-2.000000,-2.000000,-2.000000,-193.000000,-921.000000,5026.000000, -62042602, -62042602,-0.031762,0.017568,0.139549,0.997393,-0.016453,0.007654,0.069845
76.000000,36.000000,16318.000000,-2.000000,-2.000000,-2.000000,-225.000000,-785.000000,4902.000000, -62042501, -62042500,-0.031220,0.017389,0.139605,0.997396,-0.016177,0.007584,0.069870
134.000000,76.000000,16255.000000,-3.000000,-2.000000,0.000000,-193.000000,-921.000000,4809.000000, -62042399, -62042398,-0.030678,0.017219,0.139623,0.997401,-0.015901,0.007517,0.069876
52.000000,48.000000,16198.000000,-2.000000,-3.000000,-3.000000,-258.000000,-921.000000,5026.000000, -62042298, -62042297,-0.030139,0.017010,0.139642,0.997405,-0.015625,0.007432,0.069882
76.000000,14.000000,16217.000000,-2.000000,-1.000000,0.000000,-516.000000,-1024.000000,4995.000000, -62042196, -62042195,-0.029641,0.016885,0.139642,0.997410,-0.015372,0.007387,0.069879
114.000000,64.000000,16154.000000,-1.000000,-2.000000,-2.000000,-290.000000,-716.000000,5151.000000, -62042095, -62042094,-0.029231,0.016762,0.139653,0.997413,-0.015164,0.007340,0.069882
60.000000,54.000000,16257.000000,-3.000000,-3.000000,-2.000000,-96.000000,-716.000000,4902.000000, -62041993, -62041992,-0.028793,0.016655,0.139705,0.997415,-0.014942,0.007302,0.069906
128.000000,30.000000,16217.000000,-2.000000,-3.000000,-2.000000,-225.000000,-955.000000,4995.000000, -62041891, -62041891,-0.028385,0.016486,0.139737,0.997418,-0.014732,0.007231,0.069919
90.000000,64.000000,16249.000000,-2.000000,-2.000000,-1.000000,-419.000000,-682.000000,5088.000000, -62041790, -62041789,-0.027999,0.016394,0.139810,0.997418,-0.014537,0.007198,0.069954
72.000000,48.000000,16338.000000,-1.000000,-2.000000,-1.000000,-193.000000,-921.000000,4964.000000, -62041688, -62041688,-0.027676,0.016217,0.139858,0.997420,-0.014370,0.007121,0.069975
50.000000,40.000000,16249.000000,-1.000000,-2.000000,0.000000,-483.000000,-819.000000,5026.000000, -62041587, -62041586,-0.027334,0.016157,0.139887,0.997422,-0.014197,0.007103,0.069988
54.000000,-6.000000,16249.000000,-2.000000,-1.000000,-2.000000,-451.000000,-785.000000,4902.000000, -62041485, -62041485,-0.027144,0.016080,0.139905,0.997423,-0.014100,0.007071,0.069996
60.000000,10.000000,16318.000000,-2.000000,-1.000000,-1.000000,-193.000000,-750.000000,4871.000000, -62041384, -62041383,-0.026887,0.015961,0.139945,0.997424,-0.013967,0.007020,0.070014
90.000000,52.000000,16277.000000,-2.000000,-2.000000,-2.000000,-96.000000,-716.000000,4995.000000, -62041282, -62041282,-0.026692,0.015957,0.139967,0.997424,-0.013870,0.007025,0.070024
92.000000,60.000000,16265.000000,-2.000000,-2.000000,0.000000,-419.000000,-819.000000,4871.000000, -62041181, -62041180,-0.026455,0.015900,0.140001,0.997425,-0.013750,0.007004,0.070040
108.000000,24.000000,16231.000000,-2.000000,-2.000000,-2.000000,-225.000000,-955.000000,5151.000000, -62041079, -62041079,-0.026187,0.015869,0.140019,0.997426,-0.013616,0.006998,0.070048
78.000000,4.000000,16265.000000,-2.000000,-2.000000,-1.000000,-290.000000,-785.000000,5275.000000, -62040978, -62040977,-0.025898,0.015761,0.140043,0.997428,-0.013468,0.006955,0.070058
46.000000,82.000000,16239.000000,-2.000000,-1.000000,-3.000000,-387.000000,-785.000000,5151.000000, -62040876, -62040876,-0.025712,0.015706,0.140060,0.997429,-0.013373,0.006933,0.070065
92.000000,-22.000000,16300.000000,-2.000000,-2.000000,0.000000,-290.000000,-716.000000,4685.000000, -62040775, -62040774,-0.025494,0.015629,0.140088,0.997429,-0.013262,0.006903,0.070078
88.000000,56.000000,16271.000000,-2.000000,-1.000000,-2.000000,-161.000000,-785.000000,4995.000000, -62040673, -62040672,-0.025354,0.015590,0.140079,0.997431,-0.013191,0.006888,0.070073
32.000000,62.000000,16273.000000,-2.000000,-2.000000,-1.000000,-258.000000,-819.000000,4964.000000, -62040572, -62040571,-0.025157,0.015486,0.140106,0.997432,-0.013089,0.006843,0.070085
118.000000,96.000000,16239.000000,-2.000000,-1.000000,-2.000000,-290.000000,-785.000000,4995.000000, -62040470, -62040469,-0.024990,0.015467,0.140116,0.997432,-0.013005,0.006839,0.070090
60.000000,-16.000000,16346.000000,-3.000000,-1.000000,-1.000000,-258.000000,-921.000000,5088.000000, -62040368, -62040368,-0.024857,0.015443,0.140154,0.997432,-0.012938,0.006831,0.070108
118.000000,62.000000,16263.000000,-2.000000,-2.000000,-2.000000,-387.000000,-785.000000,5213.000000, -62040267, -62040266,-0.024718,0.015349,0.140208,0.997432,-0.012865,0.006789,0.070134
136.000000,46.000000,16225.000000,-1.000000,-2.000000,-1.000000,-225.000000,-1024.000000,4995.000000, -62040165, -62040164,-0.024592,0.015312,0.140181,0.997433,-0.012801,0.006776,0.070120
130.000000,72.000000,16231.000000,-3.000000,-1.000000,-1.000000,-354.000000,-989.000000,4964.000000, -62040063, -62040063,-0.024488,0.015213,0.140229,0.997433,-0.012746,0.006730,0.070143
20.000000,34.000000,16245.000000,-1.000000,-4.000000,-1.000000,-258.000000,-921.000000,4964.000000, -62039962, -62039961,-0.024371,0.015197,0.140250,0.997433,-0.012687,0.006725,0.070153
80.000000,62.000000,16328.000000,0.000000,1.000000,-3.000000,-258.000000,-750.000000,4964.000000, -62039860, -62039860,-0.024309,0.015213,0.140280,0.997432,-0.012657,0.006735,0.070168
108.000000,50.000000,16237.000000,-1.000000,0.000000,-1.000000,-290.000000,-853.000000,5057.000000, -62039759, -62039758,-0.024199,0.015192,0.140312,0.997432,-0.012601,0.006728,0.070183
72.000000,74.000000,16245.000000,-3.000000,-1.000000,-2.000000,-225.000000,-853.000000,4840.000000, -62039657, -62039656,-0.024128,0.015156,0.140338,0.997432,-0.012565,0.006713,0.070195
76.000000,54.000000,16360.000000,0.000000,0.000000,0.000000,-419.000000,-819.000000,4964.000000, -62039556, -62039555,-0.024068,0.015236,0.140395,0.997430,-0.012538,0.006755,0.070224
84.000000,-12.000000,16308.000000,-1.000000,-3.000000,-1.000000,-290.000000,-955.000000,4995.000000, -62039454, -62039453,-0.023982,0.015208,0.140409,0.997430,-0.012494,0.006744,0.070231
42.000000,58.000000,16314.000000,-1.000000,-2.000000,0.000000,-161.000000,-853.000000,4995.000000, -62039352, -62039352,-0.023929,0.015151,0.140430,0.997430,-0.012466,0.006717,0.070240
136.000000,96.000000,16261.000000,-1.000000,-1.000000,-1.000000,-96.000000,-853.000000,5057.000000, -62039251, -62039250,-0.023828,0.015054,0.140440,0.997430,-0.012412,0.006672,0.070245
108.000000,64.000000,16273.000000,-3.000000,-2.000000,-1.000000,-225.000000,-716.000000,5213.000000, -62039149, -62039149,-0.023732,0.015034,0.140461,0.997430,-0.012364,0.006665,0.070255
116.000000,-6.000000,16267.000000,0.000000,0.000000,-2.000000,-419.000000,-819.000000,5244.000000, -62039048, -62039047,-0.023680,0.014969,0.140529,0.997428,-0.012335,0.006634,0.070288
140.000000,60.000000,16186.000000,-2.000000,-1.000000,-1.000000,-290.000000,-955.000000,4902.000000, -62038944, -62038944,-0.023488,0.014909,0.140569,0.997428,-0.012238,0.006611,0.070307
78.000000,106.000000,16198.000000,0.000000,0.000000,-1.000000,-290.000000,-1024.000000,4995.000000, -62038843, -62038842,-0.023498,0.015001,0.140556,0.997428,-0.012246,0.006657,0.070301
100.000000,58.000000,16300.000000,-2.000000,-1.000000,-1.000000,-419.000000,-819.000000,4964.000000, -62038741, -62038740,-0.023463,0.014992,0.140612,0.997427,-0.012228,0.006653,0.070329
64.000000,-2.000000,16249.000000,-1.000000,-1.000000,0.000000,-258.000000,-921.000000,4964.000000, -62038640, -62038639,-0.023460,0.015019,0.140606,0.997427,-0.012228,0.006666,0.070326
58.000000,66.000000,16275.000000,-1.000000,-2.000000,-1.000000,-193.000000,-1058.000000,4964.000000, -62038538, -62038537,-0.023371,0.014978,0.140627,0.997427,-0.012182,0.006649,0.070336
104.000000,78.000000,16215.000000,-2.000000,-2.000000,-2.000000,-161.000000,-955.000000,5213.000000, -62038437, -62038436,-0.023286,0.014949,0.140642,0.997427,-0.012139,0.006638,0.070343
84.000000,48.000000,16235.000000,-1.000000,-2.000000,-1.000000,-161.000000,-716.000000,5151.000000, -62038335, -62038334,-0.023224,0.014887,0.140653,0.997427,-0.012106,0.006609,0.070348
144.000000,80.000000,16285.000000,-1.000000,-2.000000,-2.000000,-354.000000,-921.000000,4964.000000, -62038233, -62038233,-0.023169,0.014871,0.140678,0.997427,-0.012078,0.006602,0.070360
118.000000,60.000000,16304.000000,-2.000000,-1.000000,-2.000000,-354.000000,-750.000000,4871.000000, -62038132, -62038131,-0.023095,0.014785,0.140693,0.997427,-0.012038,0.006562,0.070367
56.000000,96.000000,16261.000000,-3.000000,-3.000000,-1.000000,-129.000000,-921.000000,4871.000000, -62038030, -62038029,-0.023059,0.014793,0.140740,0.997425,-0.012020,0.006567,0.070390
106.000000,32.000000,16322.000000,-1.000000,-2.000000,0.000000,-419.000000,-819.000000,5026.000000, -62037929, -62037928,-0.023045,0.014908,0.140790,0.997423,-0.012017,0.006625,0.070416
80.000000,42.000000,16202.000000,-2.000000,-1.000000,0.000000,-258.000000,-989.000000,4964.000000, -62037827, -62037826,-0.022999,0.014934,0.140815,0.997423,-0.011996,0.006639,0.070429
70.000000,38.000000,16332.000000,-2.000000,-2.000000,-1.000000,-354.000000,-921.000000,5182.000000, -62037726, -62037725,-0.023000,0.014851,0.140851,0.997422,-0.011993,0.006597,0.070446
114.000000,22.000000,16229.000000,-2.000000,-3.000000,-1.000000,-225.000000,-716.000000,4840.000000, -62037624, -62037624,-0.022913,0.014956,0.140901,0.997420,-0.011954,0.006652,0.070471
184.000000,24.000000,16352.000000,-2.000000,-3.000000,-1.000000,-387.000000,-853.000000,4902.000000, -62037523, -62037522,-0.022856,0.014963,0.140904,0.997420,-0.011926,0.006658,0.070473
138.000000,44.000000,16277.000000,-1.000000,-1.000000,0.000000,-258.000000,-750.000000,4964.000000, -62037421, -62037420,-0.022920,0.014938,0.140922,0.997419,-0.011957,0.006643,0.070481
80.000000,46.000000,16304.000000,-2.000000,-3.000000,-1.000000,-161.000000,-785.000000,4995.000000, -62037320, -62037319,-0.022876,0.014826,0.140926,0.997420,-0.011931,0.006589,0.070483
108.000000,68.000000,16320.000000,-2.000000,-2.000000,0.000000,-290.000000,-785.000000,4902.000000, -62037218, -62037217,-0.022870,0.014832,0.140956,0.997419,-0.011928,0.006592,0.070498
84.000000,80.000000,16285.000000,-2.000000,-1.000000,-1.000000,-161.000000,-785.000000,5057.000000, -62037116, -62037116,-0.022852,0.014787,0.140943,0.997420,-0.011918,0.006570,0.070491
114.000000,-14.000000,16275.000000,-1.000000,-2.000000,-2.000000,-419.000000,-512.000000,4871.000000, -62037015, -62037014,-0.022873,0.014821,0.140993,0.997418,-0.011929,0.006586,0.070516
42.000000,104.000000,16245.000000,-2.000000,-2.000000,-1.000000,-354.000000,-682.000000,4809.000000, -62036914, -62036913,-0.022871,0.014832,0.141008,0.997417,-0.011929,0.006592,0.070524
112.000000,20.000000,16293.000000,-2.000000,-1.000000,-1.000000,-387.000000,-785.000000,4840.000000, -62036812, -62036811,-0.022888,0.014887,0.141043,0.997415,-0.011940,0.006618,0.070541
52.000000,56.000000,16253.000000,-2.000000,-1.000000,-1.000000,-161.000000,-1024.000000,4995.000000, -62036710, -62036710,-0.022905,0.014800,0.141095,0.997414,-0.011945,0.006574,0.070567
112.000000,72.000000,16263.000000,-1.000000,-1.000000,-1.000000,-548.000000,-1058.000000,5088.000000, -62036609, -62036608,-0.022880,0.014829,0.141092,0.997414,-0.011934,0.006589,0.070566
116.000000,6.000000,16380.000000,-3.000000,-3.000000,-2.000000,-483.000000,-682.000000,5088.000000, -62036507, -62036506,-0.022894,0.014790,0.141080,0.997414,-0.011939,0.006569,0.070560
114.000000,74.000000,16207.000000,-1.000000,-1.000000,0.000000,-354.000000,-819.000000,5182.000000, -62036405, -62036404,-0.022837,0.014811,0.141070,0.997415,-0.011911,0.006582,0.070554
66.000000,50.000000,16245.000000,-1.000000,-1.000000,0.000000,-225.000000,-955.000000,4995.000000, -62036303, -62036303,-0.022742,0.014787,0.141099,0.997415,-0.011863,0.006573,0.070568
52.000000,76.000000,16243.000000,-1.000000,-2.000000,0.000000,-290.000000,-955.000000,5151.000000, -62036202, -62036201,-0.022553,0.014801,0.141063,0.997417,-0.011769,0.006587,0.070550
48.000000,56.000000,16298.000000,-1.000000,-1.000000,0.000000,-32.000000,-989.000000,4871.000000, -62036100, -62036100,-0.022506,0.014817,0.141054,0.997418,-0.011747,0.006596,0.070545
48.000000,30.000000,16255.000000,0.000000,0.000000,0.000000,-290.000000,-716.000000,4902.000000, -62035999, -62035998,-0.022430,0.014810,0.141071,0.997418,-0.011708,0.006596,0.070553
144.000000,22.000000,16275.000000,-3.000000,-1.000000,2.000000,-129.000000,-682.000000,4871.000000, -62035897, -62035896,-0.022335,0.014780,0.141051,0.997419,-0.011660,0.006584,0.070543
64.000000,46.000000,16265.000000,-2.000000,-3.000000,0.000000,-225.000000,-955.000000,4995.000000, -62035795, -62035794,-0.022318,0.014756,0.141020,0.997420,-0.011651,0.006573,0.070527
100.000000,6.000000,16293.000000,-1.000000,-2.000000,0.000000,-258.000000,-819.000000,4871.000000, -62035693, -62035693,-0.022170,0.014833,0.141037,0.997420,-0.011580,0.006616,0.070536
92.000000,78.000000,16204.000000,-1.000000,-1.000000,0.000000,-225.000000,-955.000000,4902.000000, -62035592, -62035591,-0.022144,0.014838,0.141038,0.997420,-0.011567,0.006620,0.070536
126.000000,74.000000,16322.000000,-1.000000,-2.000000,1.000000,-193.000000,-819.000000,5026.000000, -62035490, -62035490,-0.022060,0.014787,0.141033,0.997421,-0.011523,0.006597,0.070533
8.000000,58.000000,16265.000000,-1.000000,-1.000000,-1.000000,-387.000000,-955.000000,4902.000000, -62035389, -62035388,-0.021998,0.014767,0.141087,0.997420,-0.011492,0.006589,0.070560
94.000000,62.000000,16298.000000,-1.000000,-1.000000,0.000000,-258.000000,-750.000000,4871.000000, -62035287, -62035286,-0.021929,0.014769,0.141083,0.997420,-0.011457,0.006593,0.070557
134.000000,52.000000,16204.000000,-1.000000,-2.000000,-1.000000,-387.000000,-853.000000,4995.000000, -62035186, -62035185,-0.021891,0.014789,0.141099,0.997420,-0.011439,0.006604,0.070566
106.000000,68.000000,16263.000000,-1.000000,-1.000000,1.000000,-354.000000,-819.000000,5088.000000, -62035084, -62035083,-0.021833,0.014800,0.141062,0.997421,-0.011410,0.006612,0.070547
162.000000,16.000000,16340.000000,-1.000000,-2.000000,0.000000,-258.000000,-921.000000,5182.000000, -62034983, -62034982,-0.021824,0.014782,0.141046,0.997422,-0.011405,0.006603,0.070539
122.000000,34.000000,16306.000000,-2.000000,-1.000000,1.000000,32.000000,-750.000000,4964.000000, -62034881, -62034880,-0.021789,0.014755,0.141052,0.997422,-0.011387,0.006591,0.070542
132.000000,66.000000,16235.000000,-1.000000,-4.000000,-1.000000,0.000000,-853.000000,4840.000000, -62034779, -62034779,-0.021733,0.014765,0.141058,0.997422,-0.011359,0.006598,0.070545
154.000000,60.000000,16322.000000,-1.000000,-3.000000,0.000000,-290.000000,-716.000000,5151.000000, -62034678, -62034677,-0.021646,0.014751,0.141112,0.997421,-0.011316,0.006594,0.070571
138.000000,94.000000,16257.000000,0.000000,0.000000,-1.000000,-387.000000,-716.000000,4995.000000, -62034576, -62034576,-0.021627,0.014712,0.141139,0.997420,-0.011305,0.006575,0.070584
102.000000,6.000000,16213.000000,-1.000000,-3.000000,0.000000,-354.000000,-750.000000,5088.000000, -62034475, -62034474,-0.021562,0.014665,0.141156,0.997420,-0.011270,0.006554,0.070592
74.000000,44.000000,16207.000000,-2.000000,-2.000000,-2.000000,-258.000000,-1058.000000,4871.000000, -62034373, -62034372,-0.021502,0.014679,0.141130,0.997421,-0.011241,0.006563,0.070579
94.000000,36.000000,16269.000000,-1.000000,-2.000000,0.000000,-354.000000,-819.000000,4809.000000, -62034272, -62034271,-0.021444,0.014667,0.141152,0.997421,-0.011212,0.006559,0.070590
108.000000,58.000000,16219.000000,-1.000000,-1.000000,-1.000000,-354.000000,-921.000000,4809.000000, -62034170, -62034169,-0.021406,0.014580,0.141157,0.997421,-0.011190,0.006517,0.070592
142.000000,56.000000,16237.000000,-1.000000,-2.000000,0.000000,-290.000000,-955.000000,5057.000000, -62034069, -62034068,-0.021394,0.014595,0.141146,0.997422,-0.011184,0.006525,0.070587
100.000000,54.000000,16200.000000,0.000000,0.000000,-1.000000,-129.000000,-819.000000,5026.000000, -62033967, -62033966,-0.021324,0.014603,0.141148,0.997422,-0.011150,0.006531,0.070587
62.000000,88.000000,16293.000000,0.000000,0.000000,0.000000,-258.000000,-819.000000,5244.000000, -62033865, -62033865,-0.021233,0.014545,0.141186,0.997421,-0.011102,0.006505,0.070606
90.000000,76.000000,16207.000000,-1.000000,-1.000000,0.000000,-290.000000,-785.000000,4995.000000, -62033764, -62033763,-0.021258,0.014550,0.141186,0.997421,-0.011115,0.006507,0.070606
104.000000,44.000000,16227.000000,-1.000000,-1.000000,0.000000,-290.000000,-785.000000,4995.000000, -62033662, -62033661,-0.021314,0.014506,0.141170,0.997422,-0.011141,0.006483,0.070598
120.000000,40.000000,16342.000000,-1.000000,-1.000000,-1.000000,-225.000000,-955.000000,4902.000000, -62033560, -62033560,-0.021281,0.014561,0.141154,0.997422,-0.011127,0.006511,0.070590
104.000000,46.000000,16209.000000,-1.000000,-3.000000,-1.000000,-419.000000,-750.000000,5088.000000, -62033459, -62033458,-0.021313,0.014596,0.141154,0.997422,-0.011144,0.006528,0.070590
56.000000,30.000000,16316.000000,-1.000000,-1.000000,0.000000,-419.000000,-819.000000,5026.000000, -62033357, -62033357,-0.021275,0.014627,0.141170,0.997421,-0.011126,0.006545,0.070598
78.000000,58.000000,16231.000000,-1.000000,-2.000000,0.000000,-225.000000,-1024.000000,4995.000000, -62033256, -62033255,-0.021259,0.014753,0.141153,0.997421,-0.011123,0.006608,0.070590
94.000000,20.000000,16269.000000,0.000000,0.000000,-2.000000,-161.000000,-785.000000,4685.000000, -62033154, -62033153,-0.021203,0.014738,0.141138,0.997422,-0.011094,0.006603,0.070583
116.000000,46.000000,16245.000000,0.000000,0.000000,0.000000,-161.000000,-1024.000000,4902.000000, -62033053, -62033052,-0.021210,0.014709,0.141164,0.997422,-0.011097,0.006588,0.070595
128.000000,0.000000,16186.000000,-1.000000,-1.000000,0.000000,0.000000,-716.000000,4995.000000, -62032951, -62032950,-0.021207,0.014722,0.141169,0.997421,-0.011095,0.006594,0.070598
80.000000,36.000000,16204.000000,-1.000000,-1.000000,1.000000,-161.000000,-648.000000,4995.000000, -62032850, -62032849,-0.021241,0.014775,0.141195,0.997420,-0.011115,0.006619,0.070611
60.000000,68.000000,16314.000000,-1.000000,-2.000000,-1.000000,-354.000000,-750.000000,5026.000000, -62032748, -62032747,-0.021199,0.014724,0.141255,0.997418,-0.011092,0.006595,0.070641
98.000000,38.000000,16342.000000,-1.000000,-2.000000,0.000000,-354.000000,-989.000000,5244.000000, -62032646, -62032646,-0.021202,0.014706,0.141275,0.997418,-0.011093,0.006586,0.070651
154.000000,62.000000,16188.000000,-1.000000,-3.000000,1.000000,-193.000000,-989.000000,5026.000000, -62032543, -62032542,-0.021149,0.014726,0.141265,0.997418,-0.011067,0.006598,0.070646
28.000000,34.000000,16271.000000,-2.000000,-2.000000,0.000000,-193.000000,-750.000000,4809.000000, -62032441, -62032441,-0.021186,0.014680,0.141281,0.997418,-0.011084,0.006574,0.070654
68.000000,48.000000,16243.000000,0.000000,0.000000,0.000000,-161.000000,-1024.000000,4995.000000, -62032340, -62032339,-0.021216,0.014625,0.141265,0.997418,-0.011097,0.006545,0.070645
86.000000,112.000000,16275.000000,-1.000000,-1.000000,1.000000,-193.000000,-921.000000,4964.000000, -62032238, -62032238,-0.021136,0.014624,0.141239,0.997420,-0.011057,0.006548,0.070632
94.000000,76.000000,16259.000000,-1.000000,-2.000000,1.000000,-387.000000,-716.000000,5151.000000, -62032137, -62032136,-0.021127,0.014693,0.141255,0.997419,-0.011055,0.006582,0.070641
74.000000,50.000000,16310.000000,0.000000,0.000000,0.000000,-193.000000,-682.000000,5026.000000, -62032035, -62032034,-0.021167,0.014668,0.141228,0.997420,-0.011074,0.006569,0.070627
98.000000,44.000000,16275.000000,-1.000000,-1.000000,1.000000,-451.000000,-716.000000,5057.000000, -62031934, -62031933,-0.021162,0.014649,0.141270,0.997418,-0.011071,0.006559,0.070648
146.000000,62.000000,16304.000000,-1.000000,-1.000000,-2.000000,-193.000000,-750.000000,4809.000000, -62031832, -62031831,-0.021122,0.014648,0.141265,0.997419,-0.011051,0.006560,0.070645
144.000000,80.000000,16300.000000,-1.000000,-2.000000,1.000000,-419.000000,-682.000000,4964.000000, -62031731, -62031730,-0.021091,0.014633,0.141260,0.997419,-0.011035,0.006554,0.070642
126.000000,54.000000,16328.000000,-1.000000,-2.000000,0.000000,-354.000000,-750.000000,4871.000000, -62031629, -62031628,-0.021101,0.014697,0.141291,0.997418,-0.011042,0.006585,0.070658
118.000000,64.000000,16231.000000,-1.000000,-1.000000,1.000000,-161.000000,-785.000000,4995.000000, -62031528, -62031527,-0.021126,0.014599,0.141286,0.997418,-0.011051,0.006535,0.070655
90.000000,62.000000,16247.000000,-1.000000,-1.000000,-1.000000,-258.000000,-750.000000,4964.000000, -62031426, -62031425,-0.021097,0.014583,0.141302,0.997418,-0.011036,0.006528,0.070663
82.000000,30.000000,16342.000000,-1.000000,-2.000000,1.000000,-193.000000,-921.000000,5182.000000, -62031324, -62031324,-0.021038,0.014601,0.141312,0.997418,-0.011008,0.006539,0.070668
110.000000,32.000000,16289.000000,0.000000,0.000000,0.000000,-161.000000,-785.000000,4902.000000, -62031223, -62031222,-0.020983,0.014620,0.141323,0.997418,-0.010981,0.006551,0.070673
58.000000,108.000000,16255.000000,-1.000000,0.000000,0.000000,-32.000000,-921.000000,4809.000000, -62031121, -62031121,-0.020961,0.014669,0.141323,0.997418,-0.010972,0.006576,0.070674
104.000000,60.000000,16237.000000,-2.000000,-1.000000,0.000000,-354.000000,-1058.000000,5026.000000, -62031020, -62031019,-0.021001,0.014709,0.141349,0.997416,-0.010993,0.006594,0.070687
56.000000,8.000000,16330.000000,-2.000000,-3.000000,1.000000,-387.000000,-785.000000,4995.000000, -62030918, -62030918,-0.021004,0.014736,0.141338,0.997416,-0.010996,0.006608,0.070682
98.000000,16.000000,16233.000000,-1.000000,-2.000000,0.000000,-258.000000,-921.000000,4964.000000, -62030817, -62030816,-0.021050,0.014750,0.141316,0.997417,-0.011019,0.006613,0.070671
82.000000,32.000000,16324.000000,-1.000000,-1.000000,1.000000,-387.000000,-853.000000,4995.000000, -62030715, -62030715,-0.021046,0.014685,0.141326,0.997417,-0.011015,0.006581,0.070676
156.000000,28.000000,16259.000000,-1.000000,-1.000000,0.000000,-290.000000,-716.000000,5151.000000, -62030614, -62030613,-0.021100,0.014642,0.141337,0.997416,-0.011040,0.006558,0.070681
106.000000,64.000000,16316.000000,-1.000000,-2.000000,1.000000,-96.000000,-716.000000,4902.000000, -62030512, -62030511,-0.021138,0.014597,0.141336,0.997416,-0.011058,0.006534,0.070681
68.000000,16.000000,16200.000000,-1.000000,-2.000000,-1.000000,-290.000000,-785.000000,4902.000000, -62030411, -62030410,-0.021150,0.014577,0.141331,0.997417,-0.011062,0.006523,0.070678
140.000000,26.000000,16192.000000,-1.000000,-2.000000,0.000000,-193.000000,-819.000000,4964.000000, -62030309, -62030308,-0.021128,0.014596,0.141319,0.997417,-0.011052,0.006534,0.070672
94.000000,40.000000,16239.000000,-1.000000,-4.000000,0.000000,-387.000000,-853.000000,4995.000000, -62030207, -62030207,-0.021176,0.014578,0.141320,0.997417,-0.011076,0.006523,0.070672
116.000000,-4.000000,16320.000000,-1.000000,-4.000000,1.000000,-451.000000,-853.000000,5057.000000, -62030106, -62030105,-0.021184,0.014686,0.141293,0.997417,-0.011083,0.006577,0.070660
42.000000,40.000000,16312.000000,-2.000000,-2.000000,0.000000,-419.000000,-921.000000,5088.000000, -62030004, -62030003,-0.021196,0.014689,0.141336,0.997416,-0.011090,0.006577,0.070681
42.000000,58.000000,16277.000000,-1.000000,-1.000000,0.000000,-258.000000,-921.000000,5088.000000, -62029903, -62029902,-0.021163,0.014730,0.141336,0.997416,-0.011074,0.006599,0.070681
86.000000,42.000000,16277.000000,-1.000000,-2.000000,1.000000,-354.000000,-989.000000,4871.000000, -62029801, -62029801,-0.021171,0.014745,0.141298,0.997417,-0.011079,0.006607,0.070662
48.000000,20.000000,16198.000000,-1.000000,-2.000000,1.000000,-354.000000,-750.000000,5026.000000, -62029700, -62029699,-0.021200,0.014765,0.141286,0.997417,-0.011094,0.006616,0.070657
70.000000,30.000000,16194.000000,-1.000000,-2.000000,0.000000,-451.000000,-785.000000,4902.000000, -62029598, -62029597,-0.021140,0.014752,0.141297,0.997417,-0.011064,0.006611,0.070662
114.000000,66.000000,16235.000000,-1.000000,0.000000,-2.000000,-354.000000,-819.000000,5026.000000, -62029497, -62029496,-0.021171,0.014767,0.141340,0.997415,-0.011080,0.006617,0.070683
62.000000,36.000000,16237.000000,-2.000000,-2.000000,-1.000000,-225.000000,-716.000000,5057.000000, -62029395, -62029394,-0.021078,0.014734,0.141330,0.997416,-0.011033,0.006604,0.070678
62.000000,92.000000,16287.000000,-1.000000,-2.000000,0.000000,-258.000000,-819.000000,4964.000000, -62029293, -62029293,-0.021043,0.014715,0.141330,0.997417,-0.011014,0.006596,0.070678
134.000000,-8.000000,16180.000000,-2.000000,-1.000000,-1.000000,-129.000000,-682.000000,5026.000000, -62029192, -62029191,-0.021049,0.014731,0.141319,0.997417,-0.011018,0.006604,0.070672
48.000000,72.000000,16255.000000,-1.000000,-2.000000,2.000000,-258.000000,-1058.000000,5026.000000, -62029090, -62029089,-0.021152,0.014772,0.141317,0.997416,-0.011071,0.006621,0.070672
72.000000,52.000000,16190.000000,-2.000000,-2.000000,-1.000000,-193.000000,-750.000000,5182.000000, -62028988, -62028988,-0.021156,0.014782,0.141317,0.997416,-0.011073,0.006625,0.070672
24.000000,48.000000,16314.000000,-1.000000,-4.000000,1.000000,-290.000000,-785.000000,4995.000000, -62028887, -62028886,-0.021184,0.014751,0.141290,0.997417,-0.011086,0.006609,0.070658
102.000000,38.000000,16233.000000,-1.000000,-2.000000,-1.000000,-354.000000,-819.000000,5026.000000, -62028785, -62028785,-0.021210,0.014838,0.141294,0.997416,-0.011102,0.006652,0.070661
44.000000,68.000000,16300.000000,-2.000000,-2.000000,-1.000000,-129.000000,-682.000000,4964.000000, -62028684, -62028683,-0.021238,0.014857,0.141282,0.997417,-0.011116,0.006660,0.070655
82.000000,48.000000,16318.000000,-1.000000,-3.000000,1.000000,-129.000000,-682.000000,4716.000000, -62028582, -62028581,-0.021225,0.014896,0.141275,0.997417,-0.011111,0.006680,0.070651
154.000000,18.000000,16259.000000,-1.000000,-1.000000,1.000000,-290.000000,-785.000000,5057.000000, -62028481, -62028480,-0.021199,0.014946,0.141204,0.997419,-0.011100,0.006706,0.070616
128.000000,50.000000,16334.000000,-1.000000,-3.000000,-1.000000,-225.000000,-853.000000,4840.000000, -62028379, -62028378,-0.021258,0.014899,0.141219,0.997419,-0.011128,0.006681,0.070624
126.000000,46.000000,16273.000000,-1.000000,-2.000000,-1.000000,-290.000000,-785.000000,5213.000000, -62028278, -62028277,-0.021224,0.014940,0.141238,0.997418,-0.011112,0.006702,0.070633
82.000000,40.000000,16279.000000,-1.000000,-2.000000,0.000000,-161.000000,-955.000000,4995.000000, -62028176, -62028175,-0.021216,0.014902,0.141236,0.997418,-0.011107,0.006684,0.070632
94.000000,40.000000,16287.000000,0.000000,0.000000,1.000000,-193.000000,-1058.000000,5244.000000, -62028074, -62028074,-0.021250,0.014933,0.141207,0.997419,-0.011125,0.006698,0.070618
90.000000,88.000000,16346.000000,-1.000000,-1.000000,0.000000,-225.000000,-785.000000,4995.000000, -62027973, -62027972,-0.021237,0.014856,0.141169,0.997421,-0.011115,0.006660,0.070599
94.000000,62.000000,16213.000000,-1.000000,-1.000000,0.000000,-387.000000,-716.000000,4902.000000, -62027871, -62027870,-0.021243,0.014859,0.141131,0.997422,-0.011119,0.006662,0.070580
40.000000,54.000000,16215.000000,-1.000000,-1.000000,-1.000000,-129.000000,-921.000000,5026.000000, -62027770, -62027769,-0.021251,0.014862,0.141119,0.997422,-0.011122,0.006663,0.070574
36.000000,68.000000,16249.000000,0.000000,0.000000,0.000000,-193.000000,-750.000000,5182.000000, -62027668, -62027667,-0.021258,0.014824,0.141102,0.997423,-0.011125,0.006644,0.070565
78.000000,76.000000,16241.000000,-1.000000,-1.000000,-1.000000,-193.000000,-989.000000,5026.000000, -62027566, -62027566,-0.021253,0.014801,0.141085,0.997424,-0.011121,0.006633,0.070557
104.000000,76.000000,16330.000000,0.000000,0.000000,0.000000,-258.000000,-750.000000,5088.000000, -62027465, -62027464,-0.021223,0.014774,0.141068,0.997425,-0.011105,0.006620,0.070548
68.000000,54.000000,16233.000000,0.000000,0.000000,-2.000000,-451.000000,-716.000000,4995.000000, -62027363, -62027363,-0.021219,0.014807,0.141073,0.997424,-0.011104,0.006637,0.070551
48.000000,50.000000,16316.000000,-1.000000,-2.000000,0.000000,-225.000000,-785.000000,4995.000000, -62027262, -62027261,-0.021258,0.014829,0.141055,0.997425,-0.011125,0.006647,0.070542
102.000000,44.000000,16205.000000,-1.000000,-2.000000,-1.000000,-225.000000,-955.000000,4778.000000, -62027160, -62027159,-0.021244,0.014920,0.141031,0.997425,-0.011121,0.006692,0.070530
72.000000,48.000000,16202.000000,-2.000000,-2.000000,1.000000,-290.000000,-716.000000,4995.000000, -62027058, -62027058,-0.021239,0.014930,0.141050,0.997425,-0.011119,0.006698,0.070540
140.000000,44.000000,16265.000000,-1.000000,-1.000000,-1.000000,-290.000000,-853.000000,4840.000000, -62026957, -62026956,-0.021237,0.014904,0.141044,0.997425,-0.011116,0.006685,0.070537
160.000000,54.000000,16267.000000,-1.000000,-1.000000,0.000000,-387.000000,-853.000000,5057.000000, -62026855, -62026854,-0.021244,0.014964,0.141026,0.997425,-0.011122,0.006715,0.070528
156.000000,30.000000,16251.000000,-1.000000,-1.000000,1.000000,-225.000000,-853.000000,4840.000000, -62026754, -62026753,-0.021257,0.014941,0.140981,0.997427,-0.011128,0.006703,0.070505
114.000000,2.000000,16285.000000,-1.000000,-1.000000,0.000000,-161.000000,-853.000000,5057.000000, -62026652, -62026652,-0.021290,0.014866,0.140963,0.997428,-0.011142,0.006664,0.070496
134.000000,-8.000000,16271.000000,-1.000000,-2.000000,-1.000000,-193.000000,-989.000000,4964.000000, -62026551, -62026550,-0.021298,0.014832,0.140951,0.997428,-0.011144,0.006647,0.070490
100.000000,82.000000,16251.000000,-1.000000,-3.000000,0.000000,-225.000000,-955.000000,5057.000000, -62026449, -62026448,-0.021313,0.014843,0.140928,0.997429,-0.011152,0.006652,0.070479
104.000000,40.000000,16221.000000,0.000000,-1.000000,0.000000,-225.000000,-853.000000,4995.000000, -62026348, -62026347,-0.021318,0.014834,0.140926,0.997429,-0.011154,0.006648,0.070478
76.000000,48.000000,16207.000000,-1.000000,-2.000000,-1.000000,-387.000000,-1024.000000,5057.000000, -62026246, -62026245,-0.021355,0.014806,0.140930,0.997429,-0.011172,0.006633,0.070480
84.000000,34.000000,16296.000000,-2.000000,-2.000000,0.000000,-419.000000,-819.000000,4964.000000, -62026142, -62026142,-0.021311,0.014821,0.140923,0.997429,-0.011150,0.006642,0.070476
86.000000,36.000000,16255.000000,-1.000000,-1.000000,0.000000,-548.000000,-750.000000,5026.000000, -62026041, -62026040,-0.021322,0.014799,0.140948,0.997428,-0.011155,0.006630,0.070488
178.000000,42.000000,16229.000000,-1.000000,-2.000000,-1.000000,-290.000000,-853.000000,4902.000000, -62025940, -62025939,-0.021289,0.014861,0.140941,0.997428,-0.011141,0.006662,0.070485
70.000000,86.000000,16211.000000,-1.000000,-2.000000,1.000000,-258.000000,-989.000000,5088.000000, -62025838, -62025837,-0.021243,0.014865,0.140965,0.997428,-0.011118,0.006665,0.070497
86.000000,12.000000,16302.000000,-1.000000,-2.000000,-1.000000,-225.000000,-785.000000,5151.000000, -62025737, -62025736,-0.021237,0.014901,0.140969,0.997428,-0.011116,0.006684,0.070499
70.000000,68.000000,16261.000000,-1.000000,-1.000000,1.000000,-290.000000,-648.000000,4840.000000, -62025635, -62025634,-0.021263,0.014909,0.140972,0.997427,-0.011129,0.006687,0.070501
72.000000,10.000000,16330.000000,-2.000000,-1.000000,0.000000,-96.000000,-716.000000,4995.000000, -62025533, -62025533,-0.021243,0.014959,0.140966,0.997427,-0.011122,0.006713,0.070498
2.000000,26.000000,16340.000000,-1.000000,-2.000000,-1.000000,-290.000000,-853.000000,4995.000000, -62025432, -62025431,-0.021229,0.014987,0.140991,0.997426,-0.011116,0.006727,0.070511
62.000000,94.000000,16237.000000,-1.000000,-2.000000,0.000000,-225.000000,-853.000000,4840.000000, -62025330, -62025330,-0.021226,0.015094,0.140952,0.997427,-0.011118,0.006781,0.070492
100.000000,44.000000,16298.000000,-1.000000,-3.000000,0.000000,-225.000000,-1092.000000,4902.000000, -62025229, -62025228,-0.021240,0.015066,0.140940,0.997428,-0.011123,0.006766,0.070486
46.000000,40.000000,16196.000000,-1.000000,-1.000000,-1.000000,-193.000000,-682.000000,5182.000000, -62025127, -62025126,-0.021233,0.015092,0.140928,0.997428,-0.011121,0.006779,0.070479
96.000000,112.000000,16294.000000,-1.000000,-2.000000,1.000000,-290.000000,-853.000000,4995.000000, -62025026, -62025025,-0.021182,0.015122,0.140943,0.997428,-0.011096,0.006796,0.070487
132.000000,48.000000,16277.000000,-1.000000,-1.000000,-1.000000,-258.000000,-682.000000,5088.000000, -62024924, -62024923,-0.021155,0.015059,0.140920,0.997429,-0.011081,0.006766,0.070475
48.000000,56.000000,16296.000000,-1.000000,-3.000000,-1.000000,-258.000000,-921.000000,4809.000000, -62024822, -62024822,-0.021144,0.015070,0.140903,0.997430,-0.011076,0.006772,0.070467
60.000000,64.000000,16330.000000,-1.000000,-2.000000,0.000000,-451.000000,-785.000000,4995.000000, -62024721, -62024720,-0.021174,0.015095,0.140885,0.997430,-0.011091,0.006783,0.070458
108.000000,66.000000,16275.000000,0.000000,0.000000,0.000000,-354.000000,-750.000000,4871.000000, -62024619, -62024618,-0.021261,0.015085,0.140872,0.997430,-0.011134,0.006775,0.070452
132.000000,48.000000,16259.000000,-1.000000,-3.000000,-1.000000,-193.000000,-580.000000,5182.000000, -62024517, -62024517,-0.021249,0.015104,0.140864,0.997430,-0.011129,0.006785,0.070448
108.000000,46.000000,16310.000000,0.000000,0.000000,2.000000,-161.000000,-716.000000,4840.000000, -62024416, -62024415,-0.021241,0.015047,0.140805,0.997433,-0.011123,0.006757,0.070418
92.000000,28.000000,16225.000000,-1.000000,-1.000000,1.000000,-354.000000,-819.000000,5026.000000, -62024314, -62024314,-0.021235,0.015031,0.140777,0.997434,-0.011119,0.006750,0.070404
48.000000,42.000000,16164.000000,-1.000000,-1.000000,0.000000,-96.000000,-648.000000,4995.000000, -62024213, -62024212,-0.021192,0.015049,0.140765,0.997434,-0.011098,0.006760,0.070398
96.000000,42.000000,16283.000000,0.000000,0.000000,0.000000,-354.000000,-682.000000,5026.000000, -62024111, -62024110,-0.021262,0.015054,0.140742,0.997435,-0.011133,0.006760,0.070387
110.000000,42.000000,16279.000000,-1.000000,-1.000000,0.000000,-387.000000,-955.000000,4995.000000, -62024010, -62024009,-0.021282,0.015099,0.140736,0.997435,-0.011145,0.006782,0.070384
50.000000,68.000000,16281.000000,-1.000000,-4.000000,0.000000,-354.000000,-819.000000,4964.000000, -62023908, -62023907,-0.021286,0.015131,0.140722,0.997435,-0.011148,0.006798,0.070377
178.000000,26.000000,16176.000000,-2.000000,-3.000000,-1.000000,-258.000000,-750.000000,5088.000000, -62023806, -62023806,-0.021337,0.015144,0.140736,0.997434,-0.011174,0.006803,0.070385
82.000000,94.000000,16172.000000,-1.000000,-4.000000,0.000000,-419.000000,-819.000000,4716.000000, -62023705, -62023704,-0.021341,0.015044,0.140702,0.997436,-0.011172,0.006753,0.070367
92.000000,32.000000,16287.000000,-1.000000,-2.000000,0.000000,-225.000000,-785.000000,5368.000000, -62023603, -62023603,-0.021369,0.015121,0.140706,0.997435,-0.011189,0.006790,0.070369
72.000000,88.000000,16205.000000,-1.000000,-3.000000,-2.000000,-129.000000,-682.000000,4871.000000, -62023502, -62023501,-0.021357,0.015072,0.140736,0.997434,-0.011181,0.006766,0.070384
132.000000,80.000000,16308.000000,-1.000000,-1.000000,0.000000,-96.000000,-716.000000,4778.000000, -62023400, -62023400,-0.021345,0.014996,0.140719,0.997435,-0.011173,0.006729,0.070375
28.000000,82.000000,16255.000000,-2.000000,-2.000000,-1.000000,-193.000000,-750.000000,4964.000000, -62023299, -62023298,-0.021357,0.014853,0.140632,0.997439,-0.011173,0.006658,0.070331
134.000000,-12.000000,16287.000000,0.000000,1.000000,0.000000,-387.000000,-955.000000,5057.000000, -62023197, -62023196,-0.021330,0.014904,0.140615,0.997439,-0.011162,0.006684,0.070323
112.000000,40.000000,16269.000000,-1.000000,-1.000000,-2.000000,-354.000000,-682.000000,5026.000000, -62023096, -62023095,-0.021376,0.014908,0.140618,0.997439,-0.011185,0.006684,0.070325
52.000000,34.000000,16265.000000,-1.000000,-1.000000,1.000000,-451.000000,-716.000000,4902.000000, -62022994, -62022993,-0.021367,0.014825,0.140617,0.997440,-0.011177,0.006643,0.070324
112.000000,32.000000,16233.000000,-1.000000,-2.000000,-1.000000,-290.000000,-785.000000,4902.000000, -62022892, -62022892,-0.021404,0.014834,0.140572,0.997441,-0.011196,0.006647,0.070301
114.000000,38.000000,16227.000000,-1.000000,-1.000000,0.000000,-193.000000,-750.000000,5026.000000, -62022791, -62022790,-0.021393,0.014800,0.140544,0.997442,-0.011189,0.006630,0.070287
76.000000,70.000000,16182.000000,-1.000000,-1.000000,-1.000000,-258.000000,-750.000000,4871.000000, -62022689, -62022689,-0.021314,0.014773,0.140527,0.997443,-0.011149,0.006620,0.070278
100.000000,48.000000,16332.000000,-1.000000,-1.000000,0.000000,-193.000000,-682.000000,5182.000000, -62022588, -62022587,-0.021195,0.014887,0.140521,0.997444,-0.011093,0.006680,0.070276
14.000000,82.000000,16194.000000,-1.000000,-1.000000,0.000000,-161.000000,-853.000000,5151.000000, -62022486, -62022486,-0.021144,0.014881,0.140489,0.997445,-0.011068,0.006680,0.070260
94.000000,112.000000,16263.000000,-1.000000,-2.000000,0.000000,-387.000000,-853.000000,5213.000000, -62022385, -62022384,-0.021108,0.015003,0.140488,0.997445,-0.011054,0.006742,0.070259
150.000000,58.000000,16285.000000,-1.000000,-3.000000,0.000000,-193.000000,-921.000000,4964.000000, -62022283, -62022282,-0.021127,0.014919,0.140486,0.997445,-0.011061,0.006699,0.070258
56.000000,0.000000,16239.000000,-2.000000,-2.000000,0.000000,-451.000000,-785.000000,5057.000000, -62022181, -62022181,-0.021187,0.014896,0.140462,0.997446,-0.011089,0.006686,0.070246
126.000000,56.000000,16221.000000,-1.000000,-1.000000,0.000000,-225.000000,-955.000000,4995.000000, -62022080, -62022079,-0.021157,0.014910,0.140429,0.997447,-0.011075,0.006694,0.070230
172.000000,34.000000,16330.000000,-1.000000,-3.000000,0.000000,-193.000000,-682.000000,4871.000000, -62021979, -62021978,-0.021095,0.014829,0.140412,0.997448,-0.011041,0.006656,0.070221
72.000000,14.000000,16219.000000,0.000000,0.000000,-1.000000,-258.000000,-750.000000,5026.000000, -62021877, -62021876,-0.021165,0.014801,0.140406,0.997448,-0.011075,0.006640,0.070218
94.000000,24.000000,16241.000000,-2.000000,-2.000000,0.000000,-161.000000,-955.000000,5151.000000, -62021775, -62021775,-0.021168,0.014802,0.140388,0.997449,-0.011076,0.006640,0.070209
6.000000,106.000000,16227.000000,-1.000000,-1.000000,-2.000000,-290.000000,-853.000000,5275.000000, -62021674, -62021673,-0.021167,0.014762,0.140382,0.997449,-0.011075,0.006620,0.070205
108.000000,58.000000,16289.000000,-1.000000,-1.000000,1.000000,-193.000000,-750.000000,4964.000000, -62021572, -62021572,-0.021150,0.014797,0.140392,0.997449,-0.011067,0.006638,0.070210
150.000000,0.000000,16255.000000,0.000000,0.000000,-1.000000,-193.000000,-989.000000,5088.000000, -62021471, -62021470,-0.021092,0.014810,0.140407,0.997449,-0.011039,0.006647,0.070218
88.000000,122.000000,16174.000000,-1.000000,-1.000000,0.000000,-193.000000,-989.000000,5026.000000, -62021369, -62021369,-0.021107,0.014806,0.140415,0.997448,-0.011046,0.006644,0.070222
128.000000,74.000000,16291.000000,-1.000000,-1.000000,-1.000000,-290.000000,-716.000000,5213.000000, -62021268, -62021267,-0.021122,0.014799,0.140388,0.997449,-0.011053,0.006640,0.070209
104.000000,32.000000,16233.000000,0.000000,0.000000,0.000000,-258.000000,-819.000000,4964.000000, -62021166, -62021166,-0.021140,0.014764,0.140393,0.997449,-0.011061,0.006622,0.070211
110.000000,62.000000,16231.000000,-1.000000,-2.000000,0.000000,-419.000000,-921.000000,5088.000000, -62021065, -62021064,-0.021124,0.014780,0.140370,0.997450,-0.011054,0.006630,0.070200
86.000000,42.000000,16275.000000,-1.000000,-2.000000,0.000000,-193.000000,-989.000000,5182.000000, -62020963, -62020962,-0.021134,0.014717,0.140381,0.997450,-0.011057,0.006599,0.070205
140.000000,60.000000,16302.000000,0.000000,1.000000,0.000000,-193.000000,-921.000000,5088.000000, -62020862, -62020861,-0.021128,0.014729,0.140376,0.997450,-0.011054,0.006605,0.070202
92.000000,62.000000,16194.000000,-2.000000,-1.000000,0.000000,-258.000000,-750.000000,4964.000000, -62020760, -62020759,-0.021141,0.014733,0.140360,0.997450,-0.011060,0.006607,0.070194
120.000000,68.000000,16174.000000,-1.000000,-2.000000,-1.000000,-225.000000,-853.000000,4902.000000, -62020658, -62020658,-0.021215,0.014804,0.140301,0.997452,-0.011100,0.006640,0.070165
56.000000,28.000000,16261.000000,0.000000,0.000000,1.000000,-387.000000,-1024.000000,4995.000000, -62020557, -62020556,-0.021253,0.014826,0.140316,0.997451,-0.011120,0.006649,0.070173
88.000000,52.000000,16251.000000,0.000000,0.000000,-1.000000,-387.000000,-785.000000,5057.000000, -62020455, -62020454,-0.021302,0.014833,0.140289,0.997451,-0.011144,0.006651,0.070160
100.000000,36.000000,16259.000000,-1.000000,-3.000000,1.000000,-258.000000,-921.000000,4964.000000, -62020353, -62020352,-0.021270,0.014837,0.140321,0.997450,-0.011128,0.006654,0.070176
76.000000,62.000000,16294.000000,-1.000000,-3.000000,-1.000000,-354.000000,-819.000000,5182.000000, -62020252, -62020251,-0.021348,0.014856,0.140293,0.997451,-0.011168,0.006661,0.070162
70.000000,52.000000,16259.000000,-1.000000,-1.000000,-1.000000,-225.000000,-853.000000,4902.000000, -62020150, -62020149,-0.021370,0.014904,0.140298,0.997450,-0.011180,0.006684,0.070165
44.000000,30.000000,16217.000000,-1.000000,-3.000000,-1.000000,-290.000000,-853.000000,4995.000000, -62020048, -62020048,-0.021395,0.014960,0.140318,0.997449,-0.011195,0.006711,0.070176
132.000000,74.000000,16277.000000,-2.000000,-1.000000,0.000000,-225.000000,-955.000000,5275.000000, -62019947, -62019946,-0.021433,0.014948,0.140286,0.997450,-0.011214,0.006704,0.070159
24.000000,52.000000,16289.000000,-1.000000,-3.000000,0.000000,-193.000000,-819.000000,5244.000000, -62019845, -62019844,-0.021472,0.014947,0.140279,0.997450,-0.011233,0.006702,0.070156
134.000000,56.000000,16340.000000,-1.000000,-2.000000,-1.000000,-290.000000,-955.000000,4995.000000, -62019742, -62019741,-0.021371,0.015036,0.140264,0.997451,-0.011185,0.006750,0.070149
72.000000,80.000000,16308.000000,-1.000000,-2.000000,-1.000000,-419.000000,-682.000000,4871.000000, -62019640, -62019639,-0.021325,0.014949,0.140260,0.997452,-0.011160,0.006708,0.070146
126.000000,66.000000,16294.000000,-1.000000,-1.000000,-1.000000,-161.000000,-853.000000,4902.000000, -62019538, -62019538,-0.021262,0.014943,0.140260,0.997452,-0.011128,0.006708,0.070146
54.000000,54.000000,16267.000000,-1.000000,-2.000000,0.000000,-290.000000,-785.000000,5057.000000, -62019437, -62019436,-0.021243,0.014945,0.140234,0.997453,-0.011119,0.006710,0.070133
110.000000,4.000000,16300.000000,-1.000000,-1.000000,0.000000,-193.000000,-512.000000,5026.000000, -62019335, -62019335,-0.021269,0.015011,0.140238,0.997453,-0.011134,0.006741,0.070135
102.000000,78.000000,16267.000000,-1.000000,-1.000000,0.000000,-354.000000,-750.000000,5088.000000, -62019234, -62019233,-0.021253,0.014990,0.140222,0.997453,-0.011125,0.006732,0.070127
118.000000,90.000000,16308.000000,-1.000000,-2.000000,0.000000,-258.000000,-921.000000,5088.000000, -62019132, -62019131,-0.021190,0.015066,0.140211,0.997454,-0.011096,0.006772,0.070122
54.000000,20.000000,16219.000000,0.000000,0.000000,0.000000,-193.000000,-819.000000,4964.000000, -62019031, -62019030,-0.021131,0.015115,0.140185,0.997455,-0.011068,0.006799,0.070109
106.000000,74.000000,16285.000000,0.000000,1.000000,-1.000000,-193.000000,-682.000000,4809.000000, -62018929, -62018928,-0.021142,0.015151,0.140202,0.997454,-0.011075,0.006816,0.070117
128.000000,64.000000,16298.000000,0.000000,0.000000,0.000000,-225.000000,-785.000000,5057.000000, -62018828, -62018827,-0.021157,0.015153,0.140180,0.997455,-0.011082,0.006816,0.070107
98.000000,56.000000,16245.000000,-1.000000,-1.000000,0.000000,-258.000000,-819.000000,5088.000000, -62018726, -62018725,-0.021157,0.015093,0.140148,0.997456,-0.011080,0.006787,0.070090
154.000000,86.000000,16298.000000,-1.000000,-2.000000,0.000000,-225.000000,-716.000000,5057.000000, -62018624, -62018624,-0.021156,0.015048,0.140127,0.997457,-0.011078,0.006765,0.070080
100.000000,80.000000,16302.000000,-1.000000,-1.000000,-1.000000,-290.000000,-955.000000,4902.000000, -62018523, -62018522,-0.021130,0.015026,0.140128,0.997457,-0.011065,0.006755,0.070080
116.000000,64.000000,16202.000000,0.000000,0.000000,1.000000,-354.000000,-921.000000,4716.000000, -62018421, -62018421,-0.021092,0.015011,0.140134,0.997457,-0.011045,0.006748,0.070083
62.000000,66.000000,16237.000000,-1.000000,-2.000000,-1.000000,-225.000000,-955.000000,4778.000000, -62018320, -62018319,-0.020973,0.015016,0.140108,0.997459,-0.010986,0.006755,0.070069
56.000000,20.000000,16308.000000,-2.000000,-2.000000,0.000000,-225.000000,-853.000000,4840.000000, -62018219, -62018218,-0.020998,0.015079,0.140118,0.997458,-0.011000,0.006786,0.070075
80.000000,70.000000,16294.000000,-1.000000,-1.000000,-1.000000,-225.000000,-1024.000000,4995.000000, -62018117, -62018116,-0.021030,0.015094,0.140096,0.997459,-0.011017,0.006792,0.070064
122.000000,54.000000,16287.000000,-1.000000,-2.000000,0.000000,-387.000000,-853.000000,5213.000000, -62018015, -62018015,-0.021016,0.015055,0.140075,0.997460,-0.011008,0.006773,0.070053
138.000000,92.000000,16198.000000,-1.000000,-1.000000,-2.000000,-354.000000,-921.000000,5026.000000, -62017914, -62017913,-0.020993,0.015024,0.140064,0.997460,-0.010996,0.006759,0.070047
84.000000,54.000000,16287.000000,-1.000000,-2.000000,1.000000,-290.000000,-785.000000,4902.000000, -62017812, -62017811,-0.021067,0.015003,0.140041,0.997461,-0.011032,0.006746,0.070036
140.000000,56.000000,16302.000000,-1.000000,-2.000000,1.000000,-258.000000,-750.000000,4871.000000, -62017710, -62017710,-0.021033,0.015053,0.140008,0.997462,-0.011017,0.006772,0.070020
78.000000,30.000000,16227.000000,-1.000000,-1.000000,0.000000,-258.000000,-819.000000,4871.000000, -62017609, -62017608,-0.021075,0.015111,0.140028,0.997461,-0.011040,0.006799,0.070030
96.000000,20.000000,16205.000000,0.000000,0.000000,0.000000,-451.000000,-648.000000,4840.000000, -62017507, -62017506,-0.021047,0.015137,0.140034,0.997460,-0.011026,0.006813,0.070033
94.000000,54.000000,16237.000000,-2.000000,-2.000000,0.000000,-354.000000,-921.000000,5026.000000, -62017406, -62017405,-0.021005,0.015144,0.140050,0.997460,-0.011006,0.006818,0.070041
56.000000,50.000000,16285.000000,-1.000000,-1.000000,0.000000,-225.000000,-853.000000,5151.000000, -62017304, -62017303,-0.020943,0.015152,0.140077,0.997459,-0.010976,0.006824,0.070055
82.000000,42.000000,16255.000000,-1.000000,-1.000000,0.000000,-258.000000,-750.000000,4964.000000, -62017203, -62017202,-0.020976,0.015197,0.140065,0.997459,-0.010993,0.006846,0.070049
98.000000,-2.000000,16196.000000,-1.000000,-1.000000,-1.000000,-129.000000,-750.000000,5088.000000, -62017101, -62017100,-0.020928,0.015192,0.140070,0.997460,-0.010970,0.006845,0.070051
80.000000,-10.000000,16204.000000,-1.000000,-1.000000,1.000000,-354.000000,-750.000000,4964.000000, -62017000, -62016999,-0.020983,0.015219,0.140027,0.997461,-0.010998,0.006856,0.070030
78.000000,48.000000,16235.000000,0.000000,0.000000,-1.000000,-387.000000,-853.000000,4902.000000, -62016898, -62016897,-0.020912,0.015244,0.140022,0.997461,-0.010963,0.006871,0.070028
20.000000,50.000000,16304.000000,0.000000,0.000000,0.000000,-96.000000,-1024.000000,4840.000000, -62016797, -62016796,-0.020939,0.015162,0.140012,0.997462,-0.010974,0.006830,0.070022
70.000000,92.000000,16227.000000,0.000000,0.000000,-1.000000,-225.000000,-785.000000,4995.000000, -62016695, -62016694,-0.020997,0.015158,0.140027,0.997461,-0.011002,0.006825,0.070030
64.000000,10.000000,16223.000000,-2.000000,-2.000000,0.000000,-161.000000,-716.000000,4902.000000, -62016594, -62016593,-0.021037,0.015133,0.140004,0.997462,-0.011021,0.006812,0.070018
146.000000,82.000000,16334.000000,-1.000000,-3.000000,-2.000000,-387.000000,-716.000000,5213.000000, -62016492, -62016491,-0.021072,0.015083,0.139999,0.997462,-0.011037,0.006786,0.070016
92.000000,22.000000,16190.000000,-1.000000,-2.000000,0.000000,-129.000000,-750.000000,4871.000000, -62016390, -62016390,-0.021067,0.015015,0.139993,0.997462,-0.011032,0.006752,0.070013
86.000000,34.000000,16225.000000,-2.000000,-2.000000,-1.000000,-451.000000,-955.000000,4840.000000, -62016289, -62016288,-0.021085,0.015012,0.139983,0.997463,-0.011041,0.006750,0.070008
88.000000,66.000000,16304.000000,-1.000000,-2.000000,-1.000000,-258.000000,-921.000000,4964.000000, -62016187, -62016186,-0.021028,0.015035,0.139994,0.997462,-0.011013,0.006763,0.070013
122.000000,56.000000,16204.000000,-1.000000,-1.000000,0.000000,-354.000000,-989.000000,5088.000000, -62016085, -62016085,-0.021080,0.014942,0.139988,0.997463,-0.011036,0.006715,0.070009
82.000000,90.000000,16314.000000,-1.000000,-2.000000,0.000000,-225.000000,-785.000000,5057.000000, -62015984, -62015983,-0.021020,0.014983,0.139999,0.997462,-0.011008,0.006738,0.070015
42.000000,48.000000,16263.000000,-1.000000,-1.000000,0.000000,-129.000000,-682.000000,5088.000000, -62015882, -62015882,-0.021020,0.014956,0.139988,0.997463,-0.011007,0.006724,0.070009
108.000000,58.000000,16174.000000,-1.000000,-2.000000,0.000000,-290.000000,-785.000000,4995.000000, -62015781, -62015780,-0.020987,0.014915,0.139993,0.997463,-0.010989,0.006705,0.070012
118.000000,78.000000,16233.000000,-2.000000,-4.000000,-1.000000,-451.000000,-853.000000,4840.000000, -62015679, -62015678,-0.020886,0.014868,0.139994,0.997464,-0.010937,0.006685,0.070011
106.000000,76.000000,16231.000000,-1.000000,-2.000000,-1.000000,-258.000000,-819.000000,5026.000000, -62015577, -62015576,-0.020867,0.014800,0.139962,0.997465,-0.010925,0.006652,0.069995
138.000000,-10.000000,16403.000000,0.000000,0.000000,-1.000000,-96.000000,-955.000000,5151.000000, -62015475, -62015475,-0.020843,0.014728,0.139936,0.997467,-0.010910,0.006617,0.069982
118.000000,70.000000,16259.000000,-1.000000,-1.000000,1.000000,-258.000000,-750.000000,5182.000000, -62015374, -62015373,-0.020870,0.014797,0.139936,0.997466,-0.010926,0.006650,0.069982
68.000000,54.000000,16291.000000,-2.000000,-2.000000,-1.000000,-290.000000,-853.000000,5057.000000, -62015272, -62015271,-0.020932,0.014813,0.139956,0.997465,-0.010958,0.006656,0.069992
110.000000,72.000000,16198.000000,-6.000000,-4.000000,0.000000,-225.000000,-853.000000,4840.000000, -62015170, -62015170,-0.021038,0.014896,0.139949,0.997464,-0.011014,0.006694,0.069990
30.000000,-24.000000,16279.000000,-6.000000,-3.000000,-1.000000,-129.000000,-921.000000,4809.000000, -62015069, -62015068,-0.021445,0.014967,0.139974,0.997461,-0.011219,0.006715,0.070004
0.000000,0.000000,16204.000000,-4.000000,-3.000000,0.000000,-258.000000,-819.000000,5088.000000, -62014967, -62014966,-0.021581,0.014981,0.139983,0.997460,-0.011287,0.006717,0.070009
86.000000,36.000000,16308.000000,2.000000,1.000000,-2.000000,-354.000000,-819.000000,4964.000000, -62014866, -62014865,-0.021740,0.015023,0.140005,0.997458,-0.011368,0.006732,0.070021
74.000000,66.000000,16263.000000,-4.000000,-3.000000,1.000000,-225.000000,-1024.000000,4902.000000, -62014764, -62014763,-0.021760,0.015081,0.139988,0.997458,-0.011380,0.006761,0.070013
60.000000,28.000000,16312.000000,-1.000000,-1.000000,-1.000000,-451.000000,-785.000000,4995.000000, -62014662, -62014661,-0.022037,0.015164,0.140028,0.997455,-0.011521,0.006792,0.070034
100.000000,40.000000,16249.000000,-6.000000,-1.000000,-1.000000,32.000000,-819.000000,4964.000000, -62014560, -62014560,-0.021905,0.015211,0.140033,0.997455,-0.011457,0.006820,0.070036
70.000000,42.000000,16289.000000,0.000000,-1.000000,0.000000,-129.000000,-819.000000,5026.000000, -62014459, -62014458,-0.022478,0.015304,0.140088,0.997450,-0.011747,0.006846,0.070066
80.000000,-20.000000,16225.000000,-1.000000,-3.000000,-1.000000,-290.000000,-785.000000,4778.000000, -62014357, -62014356,-0.022441,0.015323,0.140110,0.997449,-0.011729,0.006857,0.070077
102.000000,70.000000,16296.000000,-4.000000,-3.000000,-1.000000,-193.000000,-989.000000,4871.000000, -62014255, -62014255,-0.022532,0.015391,0.140134,0.997447,-0.011776,0.006887,0.070090
112.000000,44.000000,16423.000000,-3.000000,-2.000000,0.000000,-32.000000,-750.000000,5026.000000, -62014154, -62014153,-0.022824,0.015466,0.140148,0.997445,-0.011925,0.006914,0.070098
86.000000,12.000000,16338.000000,6.000000,0.000000,-1.000000,-354.000000,-989.000000,5026.000000, -62014052, -62014052,-0.022413,0.015487,0.140053,0.997451,-0.011720,0.006940,0.070049
50.000000,52.000000,16239.000000,4.000000,0.000000,0.000000,-387.000000,-785.000000,4840.000000, -62013951, -62013950,-0.021514,0.015395,0.140012,0.997458,-0.011269,0.006926,0.070025
42.000000,68.000000,16316.000000,0.000000,-1.000000,0.000000,-161.000000,-853.000000,4840.000000, -62013849, -62013848,-0.021351,0.015377,0.139970,0.997460,-0.011187,0.006923,0.070004
102.000000,60.000000,16291.000000,-13.000000,-1.000000,-1.000000,-161.000000,-785.000000,4995.000000, -62013747, -62013747,-0.021544,0.015366,0.139992,0.997458,-0.011282,0.006910,0.070015
60.000000,42.000000,16209.000000,-8.000000,-2.000000,-1.000000,-225.000000,-716.000000,4995.000000, -62013646, -62013645,-0.022558,0.015505,0.140080,0.997449,-0.011793,0.006944,0.070063
-2.000000,-114.000000,16324.000000,-6.000000,-1.000000,6.000000,-483.000000,-750.000000,5244.000000, -62013544, -62013543,-0.022827,0.015473,0.139147,0.997480,-0.011923,0.006924,0.069599
-1330.000000,-4998.000000,19997.000000,-684.000000,868.000000,2561.000000,-451.000000,-955.000000,5151.000000, -62013440, -62013440,-0.054885,-0.020056,-0.008646,0.999563,-0.027481,-0.009905,-0.004596
-832.000000,-1311.000000,13943.000000,-225.000000,833.000000,3448.000000,-548.000000,-1126.000000,5088.000000, -62013339, -62013338,-0.058369,-0.143972,-0.352362,0.981184,-0.041255,-0.065679,-0.176809
672.000000,747.000000,13470.000000,-217.000000,149.000000,3340.000000,-709.000000,-1604.000000,4809.000000, -62013237, -62013236,0.001481,-0.186894,-0.707419,0.934025,-0.031630,-0.087790,-0.344804
960.000000,1968.000000,15189.000000,-402.000000,-205.000000,2407.000000,-1032.000000,-2252.000000,4902.000000, -62013135, -62013135,0.035249,-0.167804,-1.029966,0.867832,-0.025984,-0.081572,-0.489426
1238.000000,3042.000000,16457.000000,-287.000000,-331.000000,1496.000000,-1419.000000,-2901.000000,4778.000000, -62013034, -62013033,0.035256,-0.119248,-1.230229,0.815735,-0.020010,-0.058813,-0.575080
302.000000,3492.000000,16287.000000,-328.000000,113.000000,820.000000,-1515.000000,-3481.000000,4499.000000, -62012932, -62012932,0.025602,-0.100562,-1.348712,0.780460,-0.021393,-0.047238,-0.623052
334.000000,2174.000000,16385.000000,-315.000000,-222.000000,497.000000,-1225.000000,-3788.000000,4499.000000, -62012831, -62012830,0.015522,-0.089958,-1.416357,0.758984,-0.023357,-0.039194,-0.649509
232.000000,2895.000000,16138.000000,-69.000000,-358.000000,193.000000,-1515.000000,-3925.000000,4592.000000, -62012729, -62012728,0.002408,-0.066650,-1.457796,0.745521,-0.021294,-0.025654,-0.665648
1290.000000,84.000000,16415.000000,-116.000000,-180.000000,-69.000000,-1612.000000,-4061.000000,4468.000000, -62012628, -62012627,-0.004221,-0.037264,-1.462645,0.744135,-0.014013,-0.012458,-0.667766
798.000000,-602.000000,16124.000000,-77.000000,-113.000000,-137.000000,-1451.000000,-4232.000000,4375.000000, -62012526, -62012525,-0.016125,-0.022692,-1.448264,0.748942,-0.013555,-0.003158,-0.662490
704.000000,-813.000000,16219.000000,-169.000000,-102.000000,-191.000000,-1580.000000,-4232.000000,4282.000000, -62012424, -62012424,-0.037238,-0.010142,-1.432652,0.754021,-0.017371,0.008401,-0.656567
-302.000000,-534.000000,16142.000000,-101.000000,-135.000000,-303.000000,-1806.000000,-4403.000000,4499.000000, -62012323, -62012322,-0.054331,0.005316,-1.404298,0.763218,-0.019021,0.019572,-0.645564
-566.000000,-716.000000,16310.000000,-51.000000,-5.000000,34.000000,-1838.000000,-4369.000000,4468.000000, -62012221, -62012220,-0.059871,0.012812,-1.390736,0.767581,-0.018879,0.024092,-0.640221
28.000000,-436.000000,16091.000000,84.000000,-1.000000,41.000000,-1935.000000,-4198.000000,4313.000000, -62012119, -62012119,-0.057700,0.014194,-1.396081,0.765897,-0.017539,0.023974,-0.642277
-306.000000,-753.000000,17313.000000,47.000000,6.000000,31.000000,-1806.000000,-4232.000000,4375.000000, -62012018, -62012017,-0.050883,0.014755,-1.401025,0.764365,-0.014694,0.022036,-0.644240
-84.000000,-594.000000,16196.000000,109.000000,22.000000,2.000000,-1773.000000,-4266.000000,4313.000000, -62011917, -62011916,-0.049556,0.015561,-1.402805,0.763805,-0.013907,0.021929,-0.644925
92.000000,-692.000000,16261.000000,2.000000,-1.000000,35.000000,-1709.000000,-4369.000000,4251.000000, -62011815, -62011814,-0.047889,0.014758,-1.407560,0.762277,-0.013480,0.021117,-0.646767
-158.000000,200.000000,16243.000000,38.000000,9.000000,19.000000,-1838.000000,-4198.000000,4406.000000, -62011713, -62011713,-0.045929,0.015415,-1.411924,0.760879,-0.012475,0.020760,-0.648441
-24.000000,-378.000000,16302.000000,-7.000000,-1.000000,0.000000,-1741.000000,-4232.000000,4375.000000, -62011612, -62011611,-0.045309,0.015897,-1.411706,0.760956,-0.012085,0.020741,-0.648359
106.000000,-226.000000,16326.000000,-1.000000,0.000000,0.000000,-1999.000000,-4266.000000,4313.000000, -62011510, -62011510,-0.041218,0.015392,-1.411716,0.760974,-0.010692,0.019223,-0.648409
76.000000,-190.000000,16217.000000,244.000000,51.000000,5.000000,-1612.000000,-4130.000000,4406.000000, -62011409, -62011408,-0.032225,0.013792,-1.411764,0.760995,-0.007789,0.015699,-0.648521
84.000000,-4.000000,16356.000000,-9.000000,-2.000000,-1.000000,-1709.000000,-4198.000000,4251.000000, -62011307, -62011306,-0.021033,0.012034,-1.411891,0.760984,-0.004100,0.011401,-0.648658
176.000000,78.000000,16243.000000,0.000000,-1.000000,0.000000,-1935.000000,-4198.000000,4406.000000, -62011205, -62011205,-0.020947,0.012297,-1.411896,0.760983,-0.003982,0.011473,-0.648659
92.000000,4.000000,16279.000000,0.000000,0.000000,1.000000,-1806.000000,-4232.000000,4282.000000, -62011104, -62011103,-0.020970,0.012588,-1.411917,0.760976,-0.003896,0.011591,-0.648665
28.000000,72.000000,16283.000000,-4.000000,-3.000000,-1.000000,-1741.000000,-4232.000000,4437.000000, -62011002, -62011002,-0.021100,0.012897,-1.411939,0.760969,-0.003845,0.011751,-0.648671
-26.000000,190.000000,16447.000000,10.000000,0.000000,2.000000,-1935.000000,-4266.000000,4561.000000, -62010901, -62010900,-0.020529,0.012949,-1.411992,0.760953,-0.003610,0.011586,-0.648694
66.000000,52.000000,16384.000000,-4.000000,-3.000000,-1.000000,-1967.000000,-4334.000000,4437.000000, -62010799, -62010798,-0.020433,0.013162,-1.411981,0.760957,-0.003505,0.011636,-0.648689
50.000000,106.000000,16211.000000,1.000000,-1.000000,0.000000,-1580.000000,-4164.000000,4127.000000, -62010698, -62010697,-0.020420,0.013331,-1.411980,0.760957,-0.003445,0.011696,-0.648688
76.000000,86.000000,16275.000000,0.000000,1.000000,0.000000,-1773.000000,-4198.000000,4406.000000, -62010596, -62010595,-0.020352,0.013553,-1.411953,0.760966,-0.003347,0.011758,-0.648676
34.000000,124.000000,16348.000000,0.000000,0.000000,-1.000000,-1870.000000,-3925.000000,4375.000000, -62010494, -62010493,-0.020429,0.013700,-1.411943,0.760969,-0.003329,0.011839,-0.648671
100.000000,30.000000,16285.000000,1.000000,-1.000000,-1.000000,-1870.000000,-4164.000000,4437.000000, -62010393, -62010392,-0.020408,0.013811,-1.411965,0.760962,-0.003285,0.011874,-0.648679
72.000000,62.000000,16287.000000,-1.000000,-2.000000,0.000000,-2031.000000,-4096.000000,4375.000000, -62010291, -62010290,-0.020406,0.014017,-1.411945,0.760969,-0.003217,0.011952,-0.648670
20.000000,76.000000,16194.000000,0.000000,0.000000,-1.000000,-1709.000000,-4369.000000,4406.000000, -62010189, -62010189,-0.020323,0.014200,-1.411944,0.760970,-0.003126,0.011995,-0.648669
42.000000,118.000000,16196.000000,-1.000000,-1.000000,-1.000000,-1677.000000,-4334.000000,4499.000000, -62010088, -62010087,-0.020370,0.014381,-1.411912,0.760980,-0.003086,0.012079,-0.648656
90.000000,62.000000,16233.000000,-2.000000,-2.000000,0.000000,-1806.000000,-4232.000000,4282.000000, -62009986, -62009985,-0.020379,0.014451,-1.411901,0.760984,-0.003066,0.012108,-0.648651
56.000000,72.000000,16231.000000,0.000000,0.000000,0.000000,-1580.000000,-4096.000000,4375.000000, -62009884, -62009884,-0.020455,0.014573,-1.411939,0.760971,-0.003056,0.012179,-0.648664
82.000000,8.000000,16300.000000,-1.000000,-1.000000,0.000000,-1999.000000,-4369.000000,4468.000000, -62009783, -62009782,-0.020428,0.014684,-1.411976,0.760959,-0.003009,0.012213,-0.648678
22.000000,46.000000,16265.000000,-1.000000,-3.000000,0.000000,-1838.000000,-3959.000000,4406.000000, -62009681, -62009681,-0.020455,0.014805,-1.411966,0.760963,-0.002980,0.012268,-0.648673
36.000000,80.000000,16249.000000,-1.000000,-1.000000,0.000000,-1806.000000,-4027.000000,4499.000000, -62009580, -62009579,-0.020402,0.014940,-1.411966,0.760963,-0.002916,0.012302,-0.648672
116.000000,46.000000,16269.000000,-1.000000,-2.000000,-1.000000,-1806.000000,-4164.000000,4437.000000, -62009478, -62009477,-0.020463,0.015033,-1.411967,0.760962,-0.002909,0.012357,-0.648672
102.000000,94.000000,16261.000000,1.000000,0.000000,0.000000,-1806.000000,-4164.000000,4375.000000, -62009377, -62009376,-0.020492,0.015127,-1.411973,0.760960,-0.002890,0.012403,-0.648673
6.000000,22.000000,16205.000000,-1.000000,-2.000000,0.000000,-1838.000000,-4198.000000,4313.000000, -62009275, -62009274,-0.020446,0.015203,-1.411995,0.760953,-0.002847,0.012416,-0.648682
62.000000,62.000000,16366.000000,-1.000000,-2.000000,0.000000,-1838.000000,-4130.000000,4406.000000, -62009173, -62009173,-0.020417,0.015283,-1.412032,0.760942,-0.002810,0.012437,-0.648695
80.000000,74.000000,16294.000000,-1.000000,-2.000000,0.000000,-1612.000000,-4369.000000,4406.000000, -62009072, -62009071,-0.020439,0.015385,-1.412043,0.760938,-0.002786,0.012484,-0.648699
82.000000,86.000000,16318.000000,-1.000000,-2.000000,0.000000,-1677.000000,-4232.000000,4375.000000, -62008970, -62008969,-0.020520,0.015412,-1.412060,0.760932,-0.002807,0.012520,-0.648704
80.000000,64.000000,16233.000000,0.000000,0.000000,-1.000000,-1838.000000,-4130.000000,4406.000000, -62008868, -62008868,-0.020532,0.015495,-1.412070,0.760929,-0.002785,0.012555,-0.648708
98.000000,106.000000,16279.000000,-1.000000,-1.000000,-1.000000,-1612.000000,-4130.000000,4251.000000, -62008767, -62008766,-0.020566,0.015578,-1.412097,0.760920,-0.002771,0.012598,-0.648717
68.000000,60.000000,16360.000000,-1.000000,-2.000000,0.000000,-1935.000000,-4198.000000,4313.000000, -62008665, -62008665,-0.020629,0.015650,-1.412126,0.760911,-0.002771,0.012646,-0.648727
90.000000,48.000000,16263.000000,0.000000,0.000000,-2.000000,-1870.000000,-4232.000000,4282.000000, -62008564, -62008563,-0.020688,0.015689,-1.412169,0.760897,-0.002781,0.012680,-0.648743
80.000000,122.000000,16314.000000,-2.000000,-3.000000,1.000000,-1773.000000,-4130.000000,4468.000000, -62008462, -62008462,-0.020727,0.015804,-1.412214,0.760882,-0.002758,0.012736,-0.648759
50.000000,6.000000,16235.000000,-2.000000,-2.000000,0.000000,-1999.000000,-4130.000000,4561.000000, -62008361, -62008360,-0.020731,0.015830,-1.412252,0.760870,-0.002751,0.012748,-0.648773
76.000000,90.000000,16281.000000,-2.000000,-1.000000,2.000000,-1870.000000,-4164.000000,4375.000000, -62008259, -62008258,-0.020760,0.015885,-1.412263,0.760866,-0.002744,0.012778,-0.648777
100.000000,78.000000,16211.000000,-2.000000,-3.000000,-1.000000,-1580.000000,-4164.000000,4282.000000, -62008157, -62008157,-0.020791,0.015956,-1.412285,0.760859,-0.002733,0.012815,-0.648785
70.000000,68.000000,16269.000000,0.000000,0.000000,-1.000000,-1935.000000,-4266.000000,4468.000000, -62008056, -62008055,-0.020794,0.016023,-1.412254,0.760869,-0.002712,0.012842,-0.648772
-18.000000,44.000000,16293.000000,-1.000000,-1.000000,0.000000,-1773.000000,-4369.000000,4313.000000, -62007954, -62007953,-0.020825,0.016045,-1.412265,0.760866,-0.002717,0.012860,-0.648776
64.000000,60.000000,16235.000000,-1.000000,-1.000000,0.000000,-1773.000000,-4061.000000,4313.000000, -62007853, -62007852,-0.020849,0.016118,-1.412271,0.760864,-0.002702,0.012895,-0.648778
40.000000,60.000000,16219.000000,-1.000000,-1.000000,-1.000000,-1967.000000,-4164.000000,4499.000000, -62007751, -62007750,-0.020819,0.016139,-1.412325,0.760846,-0.002684,0.012894,-0.648799
76.000000,96.000000,16281.000000,-1.000000,-1.000000,0.000000,-1806.000000,-4164.000000,4220.000000, -62007649, -62007649,-0.020819,0.016167,-1.412315,0.760849,-0.002675,0.012905,-0.648795
90.000000,70.000000,16251.000000,-1.000000,-2.000000,0.000000,-1709.000000,-4266.000000,4251.000000, -62007548, -62007547,-0.020760,0.016130,-1.412345,0.760840,-0.002664,0.012872,-0.648807
24.000000,40.000000,16271.000000,-1.000000,-1.000000,-1.000000,-1935.000000,-4266.000000,4313.000000, -62007446, -62007446,-0.020769,0.016100,-1.412345,0.760840,-0.002677,0.012863,-0.648807
106.000000,56.000000,16211.000000,-2.000000,-3.000000,-1.000000,-1838.000000,-4369.000000,4561.000000, -62007345, -62007344,-0.020796,0.016096,-1.412335,0.760843,-0.002689,0.012870,-0.648803
60.000000,62.000000,16279.000000,0.000000,0.000000,0.000000,-1773.000000,-4369.000000,4840.000000, -62007243, -62007242,-0.020776,0.016156,-1.412324,0.760847,-0.002662,0.012886,-0.648798
80.000000,98.000000,16166.000000,-1.000000,-3.000000,0.000000,-1741.000000,-4164.000000,4437.000000, -62007139, -62007139,-0.020741,0.016199,-1.412345,0.760840,-0.002634,0.012891,-0.648807
52.000000,22.000000,16207.000000,-1.000000,-2.000000,-1.000000,-1773.000000,-4130.000000,4406.000000, -62007038, -62007037,-0.020726,0.016191,-1.412303,0.760853,-0.002631,0.012883,-0.648791
108.000000,42.000000,16285.000000,-1.000000,-1.000000,2.000000,-1967.000000,-4334.000000,4375.000000, -62006936, -62006936,-0.020773,0.016257,-1.412331,0.760845,-0.002628,0.012924,-0.648800
26.000000,52.000000,16259.000000,-2.000000,-1.000000,-1.000000,-1741.000000,-4334.000000,4437.000000, -62006835, -62006834,-0.020804,0.016269,-1.412315,0.760849,-0.002636,0.012939,-0.648794
90.000000,64.000000,16269.000000,-1.000000,-2.000000,0.000000,-1773.000000,-3959.000000,4251.000000, -62006733, -62006732,-0.020817,0.016306,-1.412305,0.760853,-0.002629,0.012956,-0.648790
98.000000,14.000000,16253.000000,0.000000,0.000000,1.000000,-1935.000000,-4266.000000,4406.000000, -62006632, -62006631,-0.020821,0.016244,-1.412348,0.760839,-0.002650,0.012935,-0.648807
10.000000,-10.000000,16202.000000,0.000000,0.000000,1.000000,-1838.000000,-4198.000000,4406.000000, -62006530, -62006529,-0.020883,0.016240,-1.412397,0.760823,-0.002675,0.012953,-0.648825
32.000000,40.000000,16237.000000,0.000000,0.000000,0.000000,-1806.000000,-4334.000000,4437.000000, -62006429, -62006428,-0.020855,0.016211,-1.412391,0.760825,-0.002674,0.012933,-0.648823
54.000000,18.000000,16207.000000,1.000000,0.000000,0.000000,-1773.000000,-4266.000000,4406.000000, -62006327, -62006326,-0.020825,0.016195,-1.412418,0.760816,-0.002667,0.012917,-0.648834
50.000000,48.000000,16154.000000,-1.000000,-2.000000,0.000000,-1838.000000,-4369.000000,4406.000000, -62006225, -62006225,-0.020901,0.016287,-1.412457,0.760803,-0.002666,0.012977,-0.648847
42.000000,38.000000,16324.000000,-1.000000,-2.000000,-1.000000,-1677.000000,-4096.000000,4437.000000, -62006124, -62006123,-0.020902,0.016266,-1.412464,0.760801,-0.002673,0.012969,-0.648850
34.000000,82.000000,16253.000000,-2.000000,-2.000000,0.000000,-1709.000000,-4266.000000,4251.000000, -62006022, -62006022,-0.020889,0.016295,-1.412475,0.760797,-0.002659,0.012976,-0.648854
100.000000,78.000000,16209.000000,-1.000000,-2.000000,0.000000,-1838.000000,-4198.000000,4406.000000, -62005921, -62005920,-0.020865,0.016225,-1.412485,0.760794,-0.002672,0.012942,-0.648858
64.000000,42.000000,16298.000000,-1.000000,-3.000000,0.000000,-1741.000000,-4096.000000,4437.000000, -62005819, -62005819,-0.020787,0.016319,-1.412436,0.760810,-0.002612,0.012952,-0.648840
38.000000,54.000000,16253.000000,-1.000000,-2.000000,0.000000,-1806.000000,-4232.000000,4499.000000, -62005718, -62005717,-0.020741,0.016300,-1.412404,0.760821,-0.002601,0.012930,-0.648828
86.000000,78.000000,16314.000000,-1.000000,-2.000000,-1.000000,-1709.000000,-4130.000000,4313.000000, -62005616, -62005616,-0.020765,0.016336,-1.412384,0.760827,-0.002599,0.012951,-0.648820
84.000000,60.000000,16293.000000,-2.000000,-4.000000,0.000000,-1709.000000,-4198.000000,4251.000000, -62005515, -62005514,-0.020787,0.016398,-1.412379,0.760829,-0.002587,0.012982,-0.648818
122.000000,32.000000,16304.000000,-1.000000,-2.000000,0.000000,-1838.000000,-4061.000000,4251.000000, -62005413, -62005413,-0.020811,0.016427,-1.412413,0.760818,-0.002587,0.013001,-0.648830
62.000000,70.000000,16285.000000,-2.000000,-1.000000,0.000000,-1870.000000,-4096.000000,4437.000000, -62005312, -62005311,-0.020803,0.016335,-1.412413,0.760818,-0.002613,0.012963,-0.648831
118.000000,20.000000,16225.000000,-1.000000,-1.000000,0.000000,-1806.000000,-4096.000000,4499.000000, -62005210, -62005209,-0.020778,0.016282,-1.412418,0.760816,-0.002621,0.012935,-0.648833
84.000000,34.000000,16259.000000,-1.000000,-2.000000,-1.000000,-1709.000000,-4198.000000,4406.000000, -62005109, -62005108,-0.020725,0.016304,-1.412417,0.760816,-0.002594,0.012927,-0.648833
78.000000,82.000000,16300.000000,-1.000000,-3.000000,-1.000000,-1709.000000,-3822.000000,4406.000000, -62005007, -62005006,-0.020697,0.016325,-1.412418,0.760816,-0.002576,0.012925,-0.648834
70.000000,82.000000,16261.000000,-1.000000,-2.000000,0.000000,-1806.000000,-4334.000000,4282.000000, -62004905, -62004905,-0.020745,0.016306,-1.412457,0.760804,-0.002600,0.012933,-0.648848
66.000000,120.000000,16160.000000,-1.000000,-3.000000,1.000000,-1709.000000,-4198.000000,4251.000000, -62004804, -62004803,-0.020754,0.016341,-1.412496,0.760791,-0.002592,0.012950,-0.648863
70.000000,76.000000,16291.000000,-1.000000,-2.000000,2.000000,-1870.000000,-3925.000000,4592.000000, -62004702, -62004702,-0.020748,0.016311,-1.412506,0.760788,-0.002599,0.012937,-0.648867
44.000000,66.000000,16275.000000,-1.000000,-2.000000,0.000000,-1773.000000,-4061.000000,4313.000000, -62004601, -62004600,-0.020759,0.016349,-1.412512,0.760786,-0.002591,0.012955,-0.648869
134.000000,64.000000,16273.000000,-1.000000,-2.000000,0.000000,-1967.000000,-4096.000000,4375.000000, -62004499, -62004498,-0.020797,0.016402,-1.412487,0.760794,-0.002589,0.012987,-0.648859
26.000000,74.000000,16211.000000,-2.000000,-1.000000,-1.000000,-1773.000000,-4130.000000,4313.000000, -62004397, -62004397,-0.020812,0.016446,-1.412493,0.760792,-0.002580,0.013008,-0.648860
24.000000,36.000000,16269.000000,-1.000000,-2.000000,1.000000,-1838.000000,-4266.000000,4313.000000, -62004296, -62004295,-0.020839,0.016379,-1.412503,0.760789,-0.002612,0.012992,-0.648865
116.000000,2.000000,16243.000000,-2.000000,-3.000000,0.000000,-1806.000000,-4334.000000,4064.000000, -62004194, -62004193,-0.020838,0.016315,-1.412519,0.760783,-0.002632,0.012967,-0.648871
36.000000,60.000000,16205.000000,-2.000000,-2.000000,0.000000,-1773.000000,-4369.000000,4406.000000, -62004092, -62004092,-0.020775,0.016328,-1.412502,0.760789,-0.002604,0.012952,-0.648865
90.000000,90.000000,16265.000000,-2.000000,-2.000000,-1.000000,-1773.000000,-4130.000000,4561.000000, -62003991, -62003990,-0.020771,0.016306,-1.412534,0.760779,-0.002610,0.012942,-0.648877
82.000000,78.000000,16196.000000,-2.000000,-3.000000,0.000000,-1773.000000,-4061.000000,4313.000000, -62003889, -62003889,-0.020759,0.016295,-1.412533,0.760779,-0.002609,0.012934,-0.648877
90.000000,32.000000,16259.000000,-1.000000,-3.000000,-2.000000,-1806.000000,-4164.000000,4499.000000, -62003788, -62003787,-0.020723,0.016251,-1.412485,0.760795,-0.002610,0.012906,-0.648859
22.000000,134.000000,16275.000000,-1.000000,0.000000,-1.000000,-1773.000000,-4130.000000,4189.000000, -62003686, -62003685,-0.020723,0.016222,-1.412495,0.760791,-0.002619,0.012895,-0.648863
106.000000,18.000000,16294.000000,0.000000,0.000000,0.000000,-1612.000000,-4266.000000,4406.000000, -62003585, -62003584,-0.020703,0.016263,-1.412517,0.760784,-0.002598,0.012904,-0.648871
42.000000,30.000000,16188.000000,-1.000000,-1.000000,0.000000,-1838.000000,-4061.000000,4251.000000, -62003483, -62003483,-0.020698,0.016262,-1.412549,0.760774,-0.002596,0.012902,-0.648884
44.000000,62.000000,16287.000000,-2.000000,-2.000000,-1.000000,-1838.000000,-4266.000000,4561.000000, -62003382, -62003381,-0.020661,0.016348,-1.412576,0.760765,-0.002554,0.012923,-0.648894
40.000000,72.000000,16259.000000,-1.000000,-1.000000,0.000000,-1773.000000,-4266.000000,4406.000000, -62003280, -62003279,-0.020588,0.016386,-1.412586,0.760762,-0.002514,0.012913,-0.648898
114.000000,88.000000,16336.000000,0.000000,0.000000,0.000000,-1773.000000,-4198.000000,4406.000000, -62003178, -62003178,-0.020604,0.016408,-1.412634,0.760746,-0.002513,0.012927,-0.648916
76.000000,88.000000,16253.000000,0.000000,1.000000,0.000000,-1838.000000,-4061.000000,4189.000000, -62003077, -62003076,-0.020602,0.016331,-1.412623,0.760750,-0.002537,0.012897,-0.648912
102.000000,30.000000,16219.000000,-1.000000,-1.000000,-1.000000,-1580.000000,-4164.000000,4375.000000, -62002975, -62002975,-0.020601,0.016337,-1.412628,0.760748,-0.002535,0.012899,-0.648914
-2.000000,146.000000,16138.000000,0.000000,-1.000000,0.000000,-1709.000000,-4198.000000,4468.000000, -62002874, -62002873,-0.020574,0.016361,-1.412650,0.760741,-0.002516,0.012899,-0.648922
54.000000,62.000000,16300.000000,-2.000000,-1.000000,0.000000,-1741.000000,-4334.000000,4220.000000, -62002772, -62002771,-0.020555,0.016386,-1.412639,0.760745,-0.002501,0.012903,-0.648918
82.000000,96.000000,16259.000000,-1.000000,-1.000000,1.000000,-1741.000000,-4096.000000,4499.000000, -62002671, -62002670,-0.020557,0.016416,-1.412655,0.760740,-0.002492,0.012915,-0.648924
70.000000,98.000000,16275.000000,0.000000,0.000000,-1.000000,-1741.000000,-4403.000000,4220.000000, -62002569, -62002568,-0.020601,0.016374,-1.412703,0.760724,-0.002522,0.012913,-0.648942
78.000000,74.000000,16296.000000,-1.000000,-1.000000,0.000000,-1870.000000,-4027.000000,4437.000000, -62002467, -62002466,-0.020572,0.016358,-1.412703,0.760724,-0.002516,0.012898,-0.648943
30.000000,76.000000,16239.000000,0.000000,0.000000,1.000000,-1709.000000,-4130.000000,4623.000000, -62002365, -62002365,-0.020589,0.016357,-1.412709,0.760722,-0.002523,0.012903,-0.648945
46.000000,94.000000,16287.000000,0.000000,0.000000,0.000000,-1709.000000,-4437.000000,4406.000000, -62002264, -62002263,-0.020492,0.016364,-1.412713,0.760721,-0.002484,0.012874,-0.648947
84.000000,38.000000,16251.000000,-1.000000,-3.000000,-1.000000,-1773.000000,-3959.000000,4251.000000, -62002162, -62002162,-0.020490,0.016353,-1.412697,0.760726,-0.002487,0.012869,-0.648941
60.000000,72.000000,16279.000000,0.000000,0.000000,1.000000,-1935.000000,-4130.000000,4406.000000, -62002061, -62002060,-0.020478,0.016320,-1.412720,0.760719,-0.002493,0.012853,-0.648950
74.000000,92.000000,16271.000000,0.000000,0.000000,0.000000,-1838.000000,-4061.000000,4313.000000, -62001959, -62001958,-0.020521,0.016375,-1.412732,0.760715,-0.002491,0.012887,-0.648954
44.000000,48.000000,16348.000000,-1.000000,-2.000000,0.000000,-1773.000000,-4369.000000,4468.000000, -62001858, -62001857,-0.020537,0.016327,-1.412732,0.760715,-0.002513,0.012874,-0.648954
16.000000,22.000000,16269.000000,-1.000000,-2.000000,0.000000,-1773.000000,-4369.000000,4313.000000, -62001756, -62001755,-0.020498,0.016340,-1.412775,0.760701,-0.002493,0.012867,-0.648970
124.000000,68.000000,16293.000000,-1.000000,-2.000000,0.000000,-1806.000000,-4232.000000,4127.000000, -62001654, -62001654,-0.020550,0.016398,-1.412781,0.760699,-0.002495,0.012906,-0.648972
134.000000,4.000000,16247.000000,-1.000000,-1.000000,-1.000000,-1741.000000,-4334.000000,4437.000000, -62001553, -62001552,-0.020550,0.016335,-1.412765,0.760704,-0.002515,0.012882,-0.648966
40.000000,52.000000,16237.000000,-1.000000,-1.000000,1.000000,-1838.000000,-4266.000000,4468.000000, -62001451, -62001451,-0.020565,0.016367,-1.412750,0.760709,-0.002510,0.012899,-0.648960
92.000000,52.000000,16298.000000,-1.000000,-1.000000,-1.000000,-1612.000000,-4266.000000,4406.000000, -62001350, -62001349,-0.020571,0.016310,-1.412745,0.760710,-0.002531,0.012879,-0.648959
88.000000,78.000000,16196.000000,0.000000,0.000000,1.000000,-1838.000000,-4266.000000,4468.000000, -62001248, -62001248,-0.020559,0.016250,-1.412781,0.760699,-0.002546,0.012852,-0.648973
96.000000,106.000000,16251.000000,-1.000000,-2.000000,-1.000000,-1677.000000,-3925.000000,4437.000000, -62001147, -62001146,-0.020561,0.016294,-1.412772,0.760702,-0.002532,0.012870,-0.648969
58.000000,30.000000,16249.000000,-1.000000,-2.000000,0.000000,-1935.000000,-4369.000000,4406.000000, -62001045, -62001044,-0.020540,0.016246,-1.412761,0.760705,-0.002540,0.012844,-0.648966
54.000000,46.000000,16300.000000,-1.000000,-1.000000,-1.000000,-2031.000000,-4164.000000,4592.000000, -62000944, -62000943,-0.020585,0.016229,-1.412755,0.760707,-0.002563,0.012853,-0.648963
74.000000,102.000000,16289.000000,-1.000000,-2.000000,0.000000,-1935.000000,-4266.000000,4561.000000, -62000842, -62000841,-0.020570,0.016238,-1.412756,0.760707,-0.002554,0.012851,-0.648963
92.000000,30.000000,16202.000000,-1.000000,-1.000000,0.000000,-1999.000000,-4369.000000,4778.000000, -62000738, -62000738,-0.020638,0.016294,-1.412758,0.760706,-0.002561,0.012895,-0.648964
32.000000,90.000000,16259.000000,-2.000000,-3.000000,-2.000000,-1870.000000,-4232.000000,4499.000000, -62000637, -62000636,-0.020656,0.016356,-1.412727,0.760716,-0.002548,0.012924,-0.648951
46.000000,100.000000,16205.000000,-1.000000,-1.000000,1.000000,-1709.000000,-4130.000000,4561.000000, -62000535, -62000534,-0.020653,0.016455,-1.412745,0.760710,-0.002515,0.012961,-0.648957
126.000000,38.000000,16310.000000,-1.000000,-1.000000,-1.000000,-1838.000000,-4130.000000,4251.000000, -62000433, -62000433,-0.020588,0.016495,-1.412766,0.760704,-0.002477,0.012955,-0.648965
62.000000,26.000000,16277.000000,-1.000000,-2.000000,0.000000,-1741.000000,-4164.000000,4282.000000, -62000332, -62000331,-0.020560,0.016455,-1.412782,0.760698,-0.002479,0.012931,-0.648972
26.000000,52.000000,16281.000000,-1.000000,-1.000000,-1.000000,-1935.000000,-4198.000000,4623.000000, -62000230, -62000230,-0.020532,0.016518,-1.412783,0.760698,-0.002449,0.012945,-0.648972
70.000000,54.000000,16293.000000,-1.000000,-2.000000,0.000000,-1677.000000,-4164.000000,4654.000000, -62000129, -62000128,-0.020585,0.016483,-1.412765,0.760704,-0.002480,0.012949,-0.648965
102.000000,108.000000,16302.000000,-1.000000,-1.000000,-2.000000,-1935.000000,-4266.000000,4561.000000, -62000027, -62000027,-0.020628,0.016530,-1.412618,0.760752,-0.002482,0.012981,-0.648909
92.000000,68.000000,16287.000000,-2.000000,-2.000000,-3.000000,-1773.000000,-4061.000000,4468.000000, -61999926, -61999925,-0.020653,0.016515,-1.412512,0.760786,-0.002497,0.012983,-0.648868
52.000000,26.000000,16235.000000,-1.000000,-1.000000,-2.000000,-1741.000000,-4164.000000,4282.000000, -61999824, -61999824,-0.020652,0.016509,-1.412385,0.760827,-0.002500,0.012981,-0.648820
90.000000,60.000000,16241.000000,-1.000000,-1.000000,-1.000000,-1483.000000,-4198.000000,4406.000000, -61999723, -61999722,-0.020660,0.016418,-1.412284,0.760860,-0.002533,0.012949,-0.648782
38.000000,50.000000,16294.000000,0.000000,0.000000,-2.000000,-1741.000000,-4232.000000,4220.000000, -61999621, -61999621,-0.020654,0.016448,-1.412140,0.760906,-0.002522,0.012958,-0.648727
128.000000,38.000000,16223.000000,-1.000000,-1.000000,-1.000000,-1870.000000,-4334.000000,4592.000000, -61999520, -61999519,-0.020677,0.016409,-1.412039,0.760939,-0.002544,0.012950,-0.648689
84.000000,4.000000,16279.000000,-1.000000,-2.000000,-1.000000,-1806.000000,-4334.000000,4282.000000, -61999418, -61999417,-0.020658,0.016437,-1.411918,0.760979,-0.002529,0.012955,-0.648643
58.000000,146.000000,16245.000000,0.000000,0.000000,0.000000,-1741.000000,-4096.000000,4282.000000, -61999316, -61999316,-0.020673,0.016439,-1.411801,0.761016,-0.002534,0.012960,-0.648598
34.000000,76.000000,16213.000000,-1.000000,-3.000000,0.000000,-1870.000000,-4164.000000,4220.000000, -61999215, -61999214,-0.020634,0.016509,-1.411684,0.761055,-0.002498,0.012974,-0.648553
70.000000,10.000000,16298.000000,-1.000000,-1.000000,-2.000000,-1870.000000,-4164.000000,4282.000000, -61999113, -61999112,-0.020623,0.016552,-1.411572,0.761091,-0.002480,0.012987,-0.648511
26.000000,66.000000,16190.000000,0.000000,0.000000,-1.000000,-1935.000000,-4198.000000,4406.000000, -61999012, -61999011,-0.020584,0.016516,-1.411435,0.761135,-0.002478,0.012960,-0.648459
142.000000,70.000000,16215.000000,0.000000,-1.000000,-1.000000,-1773.000000,-3891.000000,4406.000000, -61998910, -61998909,-0.020568,0.016528,-1.411329,0.761170,-0.002468,0.012959,-0.648419
62.000000,126.000000,16211.000000,-1.000000,-2.000000,-2.000000,-1935.000000,-3959.000000,4406.000000, -61998808, -61998808,-0.020635,0.016455,-1.411218,0.761205,-0.002518,0.012953,-0.648377
108.000000,36.000000,16338.000000,-1.000000,-3.000000,0.000000,-1806.000000,-4403.000000,4437.000000, -61998707, -61998706,-0.020666,0.016426,-1.411113,0.761240,-0.002540,0.012952,-0.648336
64.000000,50.000000,16198.000000,-1.000000,-1.000000,-1.000000,-1838.000000,-4266.000000,4313.000000, -61998605, -61998605,-0.020673,0.016383,-1.411033,0.761266,-0.002557,0.012938,-0.648306
68.000000,42.000000,16265.000000,-2.000000,-1.000000,0.000000,-1773.000000,-3959.000000,4189.000000, -61998504, -61998503,-0.020597,0.016328,-1.410913,0.761304,-0.002547,0.012892,-0.648262
130.000000,54.000000,16249.000000,-2.000000,-1.000000,-2.000000,-1741.000000,-4096.000000,4282.000000, -61998402, -61998401,-0.020625,0.016245,-1.410791,0.761344,-0.002585,0.012869,-0.648216
106.000000,50.000000,16241.000000,-1.000000,-2.000000,1.000000,-1709.000000,-4130.000000,4313.000000, -61998301, -61998300,-0.020643,0.016276,-1.410717,0.761368,-0.002583,0.012887,-0.648187
54.000000,48.000000,16346.000000,-1.000000,-2.000000,-1.000000,-1870.000000,-4232.000000,4437.000000, -61998199, -61998198,-0.020554,0.016269,-1.410572,0.761415,-0.002552,0.012855,-0.648132
92.000000,66.000000,16211.000000,-1.000000,-2.000000,0.000000,-1709.000000,-4130.000000,4561.000000, -61998098, -61998097,-0.020558,0.016248,-1.410434,0.761460,-0.002561,0.012848,-0.648080
50.000000,46.000000,16245.000000,-1.000000,-1.000000,-2.000000,-1806.000000,-4334.000000,4499.000000, -61997996, -61997995,-0.020533,0.016224,-1.410311,0.761500,-0.002560,0.012831,-0.648033
82.000000,54.000000,16180.000000,-1.000000,-2.000000,-1.000000,-1838.000000,-4130.000000,4313.000000, -61997894, -61997893,-0.020553,0.016198,-1.410195,0.761537,-0.002577,0.012827,-0.647989
74.000000,54.000000,16196.000000,-1.000000,-1.000000,0.000000,-1709.000000,-4369.000000,4189.000000, -61997793, -61997792,-0.020506,0.016121,-1.410088,0.761572,-0.002585,0.012783,-0.647949
52.000000,58.000000,16275.000000,-1.000000,-2.000000,-1.000000,-1741.000000,-4232.000000,4375.000000, -61997691, -61997690,-0.020446,0.016157,-1.409966,0.761611,-0.002551,0.012777,-0.647903
144.000000,42.000000,16261.000000,-1.000000,-3.000000,-2.000000,-1806.000000,-4164.000000,4282.000000, -61997590, -61997589,-0.020518,0.016159,-1.409860,0.761646,-0.002579,0.012801,-0.647862
64.000000,52.000000,16265.000000,-2.000000,-1.000000,-1.000000,-1935.000000,-4266.000000,4468.000000, -61997488, -61997487,-0.020502,0.016135,-1.409738,0.761685,-0.002581,0.012786,-0.647816
104.000000,64.000000,16221.000000,-1.000000,-1.000000,-2.000000,-1612.000000,-4198.000000,4313.000000, -61997386, -61997386,-0.020434,0.016107,-1.409593,0.761732,-0.002565,0.012753,-0.647761
64.000000,50.000000,16281.000000,-1.000000,-1.000000,0.000000,-1741.000000,-4232.000000,4375.000000, -61997285, -61997284,-0.020357,0.016119,-1.409507,0.761760,-0.002532,0.012733,-0.647729
62.000000,64.000000,16235.000000,-1.000000,-2.000000,-2.000000,-1709.000000,-4198.000000,4406.000000, -61997183, -61997182,-0.020375,0.016132,-1.409401,0.761794,-0.002536,0.012743,-0.647689
44.000000,32.000000,16196.000000,-1.000000,-1.000000,-1.000000,-1806.000000,-4096.000000,4499.000000, -61997081, -61997081,-0.020411,0.016147,-1.409265,0.761839,-0.002545,0.012761,-0.647636
66.000000,22.000000,16225.000000,-1.000000,-1.000000,-2.000000,-2031.000000,-4334.000000,4375.000000, -61996980, -61996979,-0.020480,0.016194,-1.409143,0.761878,-0.002557,0.012801,-0.647589
4.000000,14.000000,16180.000000,-1.000000,-2.000000,-1.000000,-1935.000000,-4266.000000,4313.000000, -61996878, -61996878,-0.020438,0.016240,-1.409037,0.761912,-0.002527,0.012805,-0.647549
44.000000,68.000000,16251.000000,-2.000000,-2.000000,-2.000000,-2031.000000,-4164.000000,4499.000000, -61996777, -61996776,-0.020515,0.016306,-1.408880,0.761963,-0.002536,0.012854,-0.647488
48.000000,46.000000,16257.000000,-1.000000,-2.000000,-1.000000,-1838.000000,-4130.000000,4468.000000, -61996675, -61996674,-0.020493,0.016253,-1.408773,0.761998,-0.002545,0.012827,-0.647448
64.000000,96.000000,16217.000000,-1.000000,-1.000000,-2.000000,-1967.000000,-4232.000000,4437.000000, -61996573, -61996573,-0.020432,0.016201,-1.408634,0.762043,-0.002540,0.012787,-0.647395
26.000000,64.000000,16285.000000,0.000000,1.000000,-2.000000,-1999.000000,-4266.000000,4189.000000, -61996472, -61996471,-0.020384,0.016235,-1.408495,0.762088,-0.002511,0.012785,-0.647343
-2.000000,78.000000,16291.000000,0.000000,0.000000,-2.000000,-1677.000000,-4164.000000,4499.000000, -61996370, -61996369,-0.020379,0.016177,-1.408405,0.762117,-0.002529,0.012761,-0.647309
52.000000,90.000000,16223.000000,-1.000000,-1.000000,-3.000000,-1709.000000,-4437.000000,4313.000000, -61996268, -61996268,-0.020382,0.016272,-1.408247,0.762168,-0.002500,0.012798,-0.647248
8.000000,96.000000,16285.000000,-1.000000,-1.000000,-3.000000,-1935.000000,-4369.000000,4561.000000, -61996167, -61996166,-0.020403,0.016378,-1.408088,0.762220,-0.002475,0.012845,-0.647186
66.000000,52.000000,16267.000000,-1.000000,-1.000000,-1.000000,-1806.000000,-4232.000000,4437.000000, -61996065, -61996065,-0.020450,0.016353,-1.407993,0.762250,-0.002502,0.012850,-0.647150
80.000000,80.000000,16204.000000,-1.000000,-1.000000,-2.000000,-1806.000000,-3925.000000,4437.000000, -61995964, -61995963,-0.020433,0.016261,-1.407843,0.762299,-0.002526,0.012809,-0.647094
90.000000,40.000000,16198.000000,-1.000000,-1.000000,-2.000000,-1741.000000,-4232.000000,4654.000000, -61995862, -61995861,-0.020435,0.016226,-1.407738,0.762333,-0.002539,0.012797,-0.647054
60.000000,48.000000,16243.000000,-1.000000,-1.000000,-1.000000,-1773.000000,-4130.000000,4251.000000, -61995760, -61995760,-0.020497,0.016155,-1.407611,0.762374,-0.002586,0.012790,-0.647005
104.000000,80.000000,16279.000000,-1.000000,-3.000000,-1.000000,-1612.000000,-4061.000000,4406.000000, -61995659, -61995658,-0.020481,0.016265,-1.407500,0.762410,-0.002545,0.012826,-0.646963
98.000000,68.000000,16253.000000,-1.000000,-1.000000,-2.000000,-1838.000000,-4198.000000,4561.000000, -61995557, -61995557,-0.020465,0.016277,-1.407363,0.762454,-0.002536,0.012825,-0.646910
86.000000,64.000000,16312.000000,-1.000000,-1.000000,-2.000000,-1741.000000,-4403.000000,4282.000000, -61995456, -61995455,-0.020426,0.016237,-1.407261,0.762487,-0.002535,0.012797,-0.646872
110.000000,54.000000,16330.000000,-1.000000,-1.000000,-2.000000,-1677.000000,-4164.000000,4375.000000, -61995354, -61995353,-0.020454,0.016273,-1.407119,0.762533,-0.002535,0.012820,-0.646818
36.000000,40.000000,16336.000000,-1.000000,-3.000000,0.000000,-1773.000000,-4198.000000,4096.000000, -61995252, -61995252,-0.020522,0.016285,-1.407004,0.762570,-0.002557,0.012846,-0.646773
56.000000,94.000000,16267.000000,-1.000000,-1.000000,-1.000000,-1709.000000,-4198.000000,4561.000000, -61995151, -61995150,-0.020537,0.016340,-1.406930,0.762594,-0.002546,0.012872,-0.646744
30.000000,82.000000,16289.000000,-2.000000,-2.000000,-2.000000,-1870.000000,-4164.000000,4282.000000, -61995049, -61995049,-0.020564,0.016344,-1.406786,0.762641,-0.002556,0.012882,-0.646689
2.000000,74.000000,16265.000000,0.000000,1.000000,-1.000000,-1773.000000,-4130.000000,4468.000000, -61994948, -61994947,-0.020496,0.016398,-1.406695,0.762670,-0.002513,0.012881,-0.646655
50.000000,84.000000,16324.000000,-1.000000,-2.000000,0.000000,-1870.000000,-4334.000000,4592.000000, -61994846, -61994846,-0.020453,0.016438,-1.406604,0.762699,-0.002484,0.012882,-0.646620
60.000000,36.000000,16229.000000,-2.000000,-2.000000,-1.000000,-1806.000000,-4164.000000,4437.000000, -61994745, -61994744,-0.020482,0.016443,-1.406510,0.762730,-0.002494,0.012893,-0.646584
66.000000,80.000000,16332.000000,-1.000000,-3.000000,-1.000000,-1773.000000,-4198.000000,4251.000000, -61994643, -61994642,-0.020435,0.016447,-1.406382,0.762771,-0.002476,0.012879,-0.646535
92.000000,92.000000,16293.000000,-1.000000,-1.000000,-1.000000,-1806.000000,-4096.000000,4499.000000, -61994542, -61994541,-0.020495,0.016488,-1.406271,0.762807,-0.002486,0.012914,-0.646492
82.000000,70.000000,16269.000000,1.000000,0.000000,-2.000000,-1838.000000,-4130.000000,4468.000000, -61994440, -61994439,-0.020467,0.016438,-1.406111,0.762859,-0.002493,0.012886,-0.646432
96.000000,98.000000,16312.000000,-1.000000,-3.000000,-1.000000,-1709.000000,-4266.000000,4468.000000, -61994336, -61994336,-0.020544,0.016446,-1.405810,0.762956,-0.002522,0.012913,-0.646317
88.000000,26.000000,16257.000000,-1.000000,-1.000000,-1.000000,-1773.000000,-4061.000000,4468.000000, -61994235, -61994234,-0.020605,0.016339,-1.405635,0.763012,-0.002580,0.012892,-0.646250
56.000000,86.000000,16285.000000,-1.000000,-2.000000,0.000000,-1709.000000,-4130.000000,4313.000000, -61994133, -61994132,-0.020615,0.016368,-1.405535,0.763045,-0.002575,0.012906,-0.646212
134.000000,50.000000,16243.000000,0.000000,0.000000,0.000000,-1773.000000,-4130.000000,4313.000000, -61994032, -61994031,-0.020600,0.016322,-1.405424,0.763081,-0.002585,0.012884,-0.646170
